"","cbend","cbstart","ecend","ecstart"
"3",10631,8270,3145275,321941
"7",19604,13330,3139577,247188
"10",25798,25709,4380724,3118778
"22",48629,47125,4363110,3106092
"26",66566,59687,4630066,3094721
"32",66794,66734,2858866,471196
"33",78756,66734,3075814,2858929
"35",87846,78293,3066684,589485
"37",89031,86803,3065413,10953
"40",111420,91525,3042818,1118423
"42",110966,110910,1279250,1024264
"43",120135,110916,3034174,1279300
"45",127735,116144,3024000,2068681
"48",121128,120967,3378250,135085
"49",121522,121040,3378644,3378162
"54",127875,126316,4218594,3026035
"56",127881,127767,3430221,2355789
"57",127836,127769,3817821,3430109
"58",127879,127769,4482317,3817888
"60",127880,127776,3957922,3008444
"62",127837,127798,2918619,1717433
"63",127837,127799,3517476,2918581
"65",129340,127800,3022521,161267
"70",147550,146313,3216558,2998590
"72",148810,147203,2997247,2487573
"81",170326,170219,2461787,2375534
"82",173568,170279,3654356,2461740
"83",173591,173501,4566059,3654424
"85",173568,173503,3880018,3184761
"86",173595,173504,3914366,3879953
"91",181935,177001,4276597,2976404
"92",181639,181219,4277721,4275881
"95",190731,190619,3008540,1828502
"97",192611,190624,2961830,2355788
"98",192753,190742,3663833,2963698
"101",216090,194852,4286966,2959537
"103",220838,217059,4707767,2938223
"105",222243,221239,2078371,1628983
"106",222238,222123,2142477,2078491
"108",222225,222128,1968403,461686
"110",225361,222179,3644986,354969
"112",225361,223465,4325524,2763018
"116",228884,223559,2926337,93588
"119",225562,225507,374533,374466
"121",225562,225507,2218207,374708
"122",230939,225507,2755621,2218262
"124",228885,225637,4322098,95569
"126",228718,225637,3641724,185532
"127",228907,225637,4321829,3644802
"129",228884,228750,2795649,188746
"130",228884,228750,3641454,2795783
"133",231951,228934,2754549,1612534
"137",236993,236931,1612590,98854
"138",238156,236937,4026538,1612534
"144",248094,247096,3549492,1602465
"147",250779,249651,2651350,1058699
"148",251946,250328,2742075,2651804
"149",253466,250865,3517521,2743157
"150",253465,253332,3623193,3517386
"151",253430,253337,4482350,3623065
"153",253465,253339,3817776,3008423
"156",253430,253341,4218565,1717392
"158",253424,253350,2918622,2355788
"166",259327,259111,976522,544022
"167",260048,259223,977330,976418
"170",262933,262878,2217699,374386
"171",262933,262878,2217907,2217754
"172",262933,262878,2218128,2217962
"173",262933,262878,2218319,2218183
"174",275249,262878,2617045,2218374
"178",277745,277673,4616864,1703263
"180",277743,277673,2607930,2137524
"182",277742,277698,3634668,454585
"184",277744,277703,4171358,1889650
"187",277746,277704,3504358,435742
"188",277741,277704,3901674,3504400
"190",277742,277705,4380762,2311037
"192",277742,277705,4638988,3914371
"195",277744,277705,4576898,3823796
"197",277741,277706,2217461,633454
"199",278391,277707,2142493,1284675
"201",278397,278314,2318464,1017990
"205",278391,278315,2078392,1619609
"208",280425,278633,2725681,1801953
"209",290283,280329,3311143,2725777
"212",303647,297203,3694128,2734021
"215",324453,316253,3940552,817109
"217",328317,325607,4282162,2392175
"219",339829,329462,3134514,2388160
"220",339840,339755,3627980,3134589
"222",339829,339757,3809502,2965650
"225",339881,339847,4286933,1685154
"227",339922,339849,3809502,3134588
"230",340015,339942,3809502,3134588
"232",340118,340033,4380811,435742
"236",340854,340053,3310738,435597
"239",346759,345331,2629351,1336873
"241",347564,346821,2914048,2629230
"243",349711,347410,3880056,225507
"245",353130,349980,3543681,2626351
"246",357572,353045,4380815,3543596
"248",357564,357483,2965569,435740
"250",357772,357501,4380815,435597
"252",357764,357683,2965569,435740
"254",361466,357701,2498655,435597
"255",367579,361388,2617296,2498733
"256",375017,363252,2965570,2621630
"258",375118,375030,2965570,299588
"260",375219,375131,2965570,299588
"262",375320,375232,2965570,299588
"264",377522,376725,1709170,803148
"265",377521,377430,4446571,1709080
"267",388648,378472,2604371,1406375
"269",386679,386588,2712457,640466
"271",386675,386591,4247790,2142490
"273",389802,386609,2601331,1257604
"276",399786,391706,2592589,816876
"281",411164,409105,4446571,2578458
"284",411166,411101,4286966,2172289
"287",417506,412606,3530713,2576232
"290",421766,421024,3377878,2410997
"294",438276,431131,3817902,2551458
"298",438268,438150,3957806,1828383
"300",438268,438152,3517402,1717514
"302",438277,438159,4482442,3430212
"305",438268,438191,3882394,2918622
"306",438268,438191,3882622,3882471
"308",464800,438195,2517905,2355858
"309",461723,438288,2767013,2544451
"314",478659,472615,2500066,226175
"317",482147,481205,2633845,2497008
"318",485463,481296,4312524,2632997
"321",483599,482844,2635279,311431
"323",485950,484720,4311775,2636344
"331",508615,508217,2965650,1915867
"335",509227,508874,3319641,2469149
"336",509236,509105,4494607,3319519
"340",520211,520152,2615324,354904
"342",532221,530172,3972707,2441251
"343",542336,531750,4182337,3972236
"345",549597,542005,3973614,3852652
"348",551512,550572,4286966,3310215
"350",554338,551536,4383948,2440097
"352",557825,554675,2434372,928825
"355",562020,559031,3448548,2432618
"360",574570,574528,976242,544098
"361",576759,574528,1462933,976200
"363",576130,575788,1374005,544037
"364",576762,575794,2736876,1373651
"366",576759,575804,1976843,976280
"368",576765,576288,1374655,543492
"369",586101,576311,2423926,1374204
"371",595185,593335,3492792,2423852
"373",597098,596979,3817894,3008549
"375",597105,596980,3957799,3623193
"379",597101,596983,4218479,161190
"380",597105,597009,4482440,4218574
"382",597079,597015,2918564,2355868
"383",597098,597021,3882394,2918622
"384",597098,597021,3882622,3882471
"388",603124,601878,3031331,2411163
"389",602090,602031,3378566,3030238
"394",610214,609620,2965650,2385762
"397",619361,610351,2376007,1615106
"399",615995,615946,1215966,908305
"401",624540,616386,2370720,836280
"402",619770,619412,2642421,2375892
"403",619779,619585,2983112,2642236
"404",619770,619650,3565275,2982983
"407",626689,626633,1199964,892306
"408",631081,626633,3209307,1200020
"409",631672,629988,3209946,3208214
"411",632379,632181,3210599,2363384
"413",633546,632397,3694598,2363085
"416",639634,637864,4218474,2357551
"418",639626,639510,3008431,65401
"421",639606,639550,3517422,1717474
"426",657501,657280,4603317,1117889
"428",669907,658946,2326679,170281
"431",667806,663227,1064882,748908
"432",668065,666434,1065141,1063507
"433",675501,667980,2319932,1065056
"436",684847,684600,2142490,1619775
"438",685021,684606,4321242,461830
"441",684850,684621,2615281,1018136
"444",684856,684804,2933048,354966
"446",693507,684807,2311048,1802232
"448",696011,693527,3960173,2310937
"453",696630,696430,2307998,2307795
"457",696939,696755,2307895,2307685
"462",699458,697512,2965617,2307195
"465",707757,705549,2296921,360425
"466",707935,705961,4562383,2298719
"469",715365,708136,4286968,2296676
"472",720172,716941,4022007,2289460
"478",757144,756500,3422228,202193
"482",758545,758409,4155244,1575227
"483",758485,758409,4273731,4155376
"487",758533,758451,3823879,1575275
"490",759994,758469,3587893,197513
"494",765152,762801,2245805,299674
"495",763475,762967,3583194,2248011
"498",766412,765165,3334134,2233568
"500",775731,771110,4072683,2227776
"503",780729,780554,2218015,2217761
"505",780616,780554,2733983,374393
"506",780729,780561,3760232,2734038
"507",780729,780662,3760502,3760299
"508",780729,780662,3760772,3760569
"513",780827,780765,2799071,374715
"514",780827,780772,2929650,2799126
"516",780827,780772,377619,377449
"517",781016,780772,2217586,377564
"519",780918,780843,2218306,2217969
"520",780905,780843,2733983,2218381
"521",781016,780850,3760232,2734038
"522",781016,780951,3760502,3760299
"527",781130,781068,2799071,374715
"528",781130,781075,2929650,2799126
"530",781130,781075,377619,377449
"531",781543,781075,2217586,377564
"533",781222,781147,2218306,2217761
"534",781209,781147,2733983,2218381
"538",781431,781369,2733983,374393
"539",781545,781376,3760230,2734038
"540",781545,781476,3760500,3760299
"541",781545,781476,3760770,3760569
"543",781652,781577,2218115,374393
"544",781652,781577,2218306,2218190
"545",781639,781577,2733983,2218381
"549",786685,781791,2212708,374335
"551",786204,783162,1654698,113552
"552",786445,785789,3655816,1654283
"556",797018,794960,4477645,2199233
"558",803448,802244,3008423,2350610
"559",803448,803321,3817902,3008549
"562",803446,803326,3517396,161191
"564",803443,803330,4218479,1717508
"565",803449,803351,4482442,4218574
"567",803447,803357,3957799,2355868
"569",803440,803363,3882394,2918622
"570",803440,803363,3882622,3882471
"573",805890,805801,4380726,1709083
"576",805984,805919,4286967,2965588
"579",808504,807433,4146703,2180482
"580",808557,808421,4485215,4146786
"582",815681,812372,2965650,1543102
"585",820590,817073,2167467,1187030
"588",827919,826120,4247379,2162719
"589",828595,827867,4525522,4247431
"591",831887,831318,1371105,199867
"593",832390,831766,2965654,118284
"602",846055,845817,2318467,1018148
"603",846235,845834,4321236,2318688
"605",846220,845867,1619365,461777
"606",846055,845877,2078389,1619708
"608",846052,845956,4247709,640568
"610",846052,845973,2615287,1808886
"611",846064,845975,2712360,2615364
"614",846055,846009,1802192,1508426
"615",846408,846015,3611601,1802232
"617",851012,846332,2137610,2042043
"620",855301,854980,1816251,788990
"621",856606,855099,3165675,1816462
"622",856547,856482,3166462,3165551
"625",860102,857673,2123492,212661
"627",864297,859777,2115723,2098018
"628",863508,860173,2821191,2119851
"629",864274,863438,2828504,2821121
"632",868247,868011,1293701,575991
"633",868140,868012,4582519,1293466
"635",868121,868024,4520502,1473580
"638",869151,868894,1472386,1294461
"639",872797,868900,2106999,1472637
"640",872663,870967,4583243,2108829
"643",881830,880848,2333783,748314
"644",883935,880873,3217604,2332826
"646",886059,885326,2123635,2098572
"648",895190,895108,4473853,1801862
"650",895518,895394,3082150,1802148
"655",903321,902256,2318457,2081828
"657",903310,903208,4321417,1619633
"659",903311,903210,2142490,461690
"661",903311,903211,3502945,1018010
"664",903308,903217,2615287,1802286
"668",915213,911164,3994815,2049971
"673",920874,920445,2078484,1902714
"675",924145,922299,3648741,2040179
"679",944902,925835,2014319,1889313
"681",927778,927689,1902394,1808884
"682",935216,927691,2023809,1902307
"687",944896,941121,1536692,1530351
"688",947019,944810,2012140,1536606
"689",945296,944927,2035572,2014232
"692",953525,951281,4175541,198924
"694",960691,957363,3994375,2005665
"698",968143,968061,1220970,913178
"699",968098,968061,4581594,1220888
"702",990515,982095,1973208,630837
"704",986813,985890,2736970,544101
"707",986961,985960,1462975,976279
"710",997583,986433,1964446,543492
"711",1000115,990498,4045580,1971583
"714",1007662,999987,1961388,1176430
"716",1010685,1007823,2131796,1961317
"717",1011391,1010495,3166450,2131986
"721",1033897,1031571,4062103,1937216
"725",1042018,1039296,4286964,2225842
"728",1047894,1044596,3619058,700314
"729",1051613,1045916,4603257,3617074
"731",1051581,1051484,2339251,1117923
"733",1057684,1052470,3158933,1917380
"734",1060949,1057628,4593717,3158989
"736",1062494,1061158,3087812,1733445
"740",1068453,1065504,3134589,1901101
"745",1093888,1084852,2582467,1890938
"747",1097221,1094245,1889245,816879
"750",1097659,1097331,2036110,1889500
"755",1117859,1110178,1869007,1414662
"758",1120644,1115970,1866024,401164
"761",1127772,1121254,1858696,1778755
"764",1134685,1129414,4286966,1856861
"771",1158818,1157839,2299982,1828383
"774",1170071,1165914,2133027,1820299
"776",1180335,1169982,1805683,1636380
"777",1171377,1170527,4691087,1815497
"779",1177099,1177014,2142535,1902429
"780",1177150,1177015,4488443,2142451
"782",1190498,1177072,1796774,1629957
"783",1182052,1181777,2089186,1805581
"784",1185153,1181981,2142490,2089115
"787",1185156,1185059,2606431,640563
"789",1185157,1185077,4488543,1808892
"793",1185456,1185108,2614981,461634
"798",1226215,1221296,1143737,408698
"800",1232427,1227703,1746132,1143717
"802",1239955,1232468,1153520,1145740
"804",1247310,1240387,1168999,1153669
"805",1245858,1245737,4546371,1167423
"808",1251001,1247772,1172590,1169341
"809",1252976,1248393,4135028,1169971
"811",1263529,1256633,1242612,1228392
"812",1269010,1259124,1248141,1238210
"814",1273620,1270748,1253527,1248255
"815",1279349,1273250,1270339,1253158
"817",1279332,1276417,1457626,313759
"818",1279450,1278005,1828481,1458950
"819",1279449,1279385,3817874,1828416
"821",1285109,1279481,1452231,1270350
"823",1286668,1285313,3872312,1452039
"826",1286663,1286609,3569233,3549395
"830",1287337,1287065,1278197,1277804
"831",1287328,1287238,2792044,1278098
"833",1293064,1287362,1283611,1277804
"834",1287622,1287537,2792044,1278103
"835",1288736,1287538,3043321,2791960
"838",1294139,1291484,1284622,722035
"841",1301589,1300844,1359500,1289023
"843",1304969,1302264,2112186,1360169
"844",1305487,1304898,4582406,2112257
"848",1316035,1310567,1898511,1297242
"851",1330383,1326818,1315413,1311778
"852",1328336,1327768,2243577,1312780
"854",1349171,1330413,1334485,1315563
"855",1350128,1344767,1335472,1330047
"856",1351057,1349502,1336501,1334846
"857",1357127,1350246,1343366,1335690
"859",1362649,1357896,3817765,746258
"860",1362643,1362509,4482313,3817907
"862",1362644,1362510,2705828,2557601
"863",1362640,1362511,3046796,2705695
"866",1362554,1362515,2077810,1828507
"867",1362557,1362515,4131070,2077771
"868",1363317,1362515,4632813,4131028
"874",1371129,1366933,3332974,1344521
"875",1381425,1370777,3611061,3332625
"876",1381477,1380880,4473351,3611606
"879",1387657,1384084,2685545,1347389
"880",1387849,1387578,3801858,2685624
"884",1394568,1393504,1290723,1289653
"885",1398735,1394377,1363412,1290532
"886",1400342,1397292,1365839,1361962
"888",1410884,1405964,1371475,1366242
"889",1410000,1407954,2157468,1368532
"892",1412446,1411013,1796252,1371557
"901",1435523,1434959,1737045,1372443
"905",1436245,1435762,2737434,544095
"907",1436878,1435836,1976798,1461993
"908",1436836,1435838,2736876,1977802
"910",1464802,1442945,3118508,1384385
"911",1474010,1464489,4397170,3118195
"914",1489673,1482255,1401945,1388689
"915",1491526,1487167,1404884,1399430
"917",1490285,1489749,1712478,418592
"919",1494040,1492497,3206201,1406603
"921",1494013,1493331,3374781,1045604
"922",1493999,1493340,4066679,3375454
"924",1493743,1493352,3351028,1047320
"926",1493693,1493580,3705662,1251676
"928",1493744,1493588,4144220,1481245
"930",1493704,1493599,4142394,1497170
"933",1496627,1494147,1411940,1408314
"934",1498859,1495202,1415780,1410515
"935",1497821,1496680,1876563,1413562
"938",1508736,1502456,1425800,1419315
"940",1513436,1509234,1802409,1425976
"942",1513410,1513215,4473414,461585
"944",1516095,1515567,4632813,1428437
"947",1518914,1517636,1440222,1438858
"948",1520059,1517882,1441844,1439186
"950",1525474,1520963,2410592,1441926
"951",1525875,1525438,3378613,2410556
"954",1534917,1533301,1450772,1449100
"955",1534955,1534016,1575200,1449877
"956",1534961,1534880,4155256,1575277
"961",1544242,1535950,1459173,1277378
"964",1546114,1545764,1463077,543234
"965",1545971,1545780,2736876,1462745
"968",1545878,1545793,1976948,977147
"970",1551305,1546295,2888711,1463569
"972",1555440,1553959,3456105,1469396
"974",1563092,1556587,1478188,1471555
"975",1557621,1557175,2111000,1472191
"977",1557621,1557494,1293469,575053
"978",1558567,1557496,2111894,1293594
"980",1558546,1558436,4582632,1293591
"984",1568664,1563866,1484703,421012
"986",1584564,1584458,4054485,1181749
"987",1586387,1584490,4056308,4054411
"991",1588020,1586258,3449645,1183531
"995",1593462,1592708,2895246,409608
"996",1602406,1592859,3524919,2894658
"998",1610799,1608187,1495339,1188082
"1000",1615652,1611970,1500749,1495371
"1002",1618908,1616947,1504475,1501877
"1003",1622509,1618243,1508116,1503810
"1004",1619750,1619020,3160331,1504626
"1006",1623936,1622544,1516743,1515242
"1007",1629039,1622988,1521922,1515794
"1009",1630856,1629457,3472759,1522045
"1011",1630577,1629682,586195,585300
"1012",1630844,1630507,586462,586125
"1013",1632287,1630802,1524974,586420
"1014",1638688,1631051,2339389,1523726
"1015",1638692,1638459,4603080,2339163
"1017",1640027,1638467,1774760,1118100
"1018",1641554,1639058,4603105,1773755
"1021",1652614,1641441,1796646,1118013
"1024",1660293,1655353,2016015,1527473
"1026",1660298,1658213,4593157,1532935
"1028",1662109,1660537,2016677,1532753
"1030",1664076,1660700,2014716,1530345
"1032",1667836,1665206,2303959,1541189
"1034",1679371,1669488,1557729,373478
"1035",1674860,1671253,4500200,1549630
"1037",1688435,1679404,1566959,1557866
"1038",1688377,1686731,3489049,1565255
"1042",1704678,1698190,1576718,1570058
"1043",1708998,1703268,1581067,1575305
"1044",1708900,1704913,1581065,1576982
"1045",1708804,1708575,1581065,1580749
"1046",1708708,1708575,1581065,1580842
"1051",1713256,1708955,4533693,1580652
"1052",1713752,1712833,4534189,4533270
"1055",1736057,1733753,4149577,1601332
"1060",1738739,1737845,91107,90210
"1061",1746592,1738631,1612604,90999
"1062",1746515,1746336,1612608,1612348
"1064",1746599,1746515,2799240,1612446
"1065",1746599,1746522,2929819,2799317
"1067",1746578,1746522,2749276,98860
"1068",1746578,1746522,2757597,2749332
"1070",1750763,1748747,3540453,1621323
"1073",1768711,1758863,1648677,1636845
"1074",1768866,1764933,1828416,1644899
"1075",1768866,1768795,3817809,1828487
"1077",1778113,1768898,3114165,1648689
"1081",1789005,1784734,2213187,1650417
"1082",1789005,1788558,3656055,2213634
"1084",1798987,1792268,1665697,1658083
"1086",1802620,1799151,1669251,1665714
"1089",1805270,1801750,1669611,939123
"1090",1810048,1805165,1674575,1669506
"1091",1812326,1805325,1677698,1669803
"1094",1816218,1814359,2965617,511343
"1097",1831972,1824362,4382008,1685401
"1101",1841397,1838838,1700357,59936
"1102",1843717,1840801,1703236,1699761
"1104",1843753,1843713,197419,62045
"1105",1843756,1843714,1710916,197380
"1107",1843755,1843716,2741996,8728
"1108",1843756,1843719,2997227,2741960
"1109",1843758,1843720,4208525,2997191
"1111",1843754,1843720,3166719,108875
"1113",1843757,1843723,3102846,2470782
"1114",1843757,1843723,4380774,3102812
"1116",1843823,1843723,3042757,2869921
"1118",1852527,1845024,1710871,1703349
"1119",1857314,1850859,3528867,1709203
"1122",1863319,1863198,1403495,418054
"1123",1868844,1863200,1717339,1403614
"1124",1870258,1865641,1718847,1714138
"1126",1877472,1872034,1726234,1719812
"1128",1880770,1878764,1731878,1726456
"1132",1894406,1890568,4133998,1135798
"1134",1898280,1894551,3865780,1132650
"1135",1898284,1896933,4171426,3864433
"1137",1901570,1897716,698394,609582
"1138",1907894,1900900,1117443,697724
"1139",1907414,1907153,4603129,1118185
"1145",1929959,1929065,3184724,1093204
"1147",1938601,1930030,1634655,1092472
"1149",1944305,1939196,4565972,1083250
"1153",1948739,1946855,4482440,1076442
"1157",1948721,1948615,4218493,2961636
"1158",1948741,1948625,4464488,4218589
"1160",1956678,1948746,4594997,1074673
"1162",1958045,1954592,1736336,1732881
"1165",1964911,1962584,2690767,1060350
"1168",1970140,1969502,3375444,1046261
"1170",1970138,1969516,3206889,1408080
"1171",1970138,1969519,4067326,3206270
"1173",1969919,1969524,3452859,3350805
"1176",1969918,1969732,3705541,1251498
"1177",1969949,1969732,4144423,3705727
"1181",1971956,1971147,3207006,1408150
"1182",1971890,1971151,3375493,3206201
"1184",1971839,1971186,4067326,3350766
"1186",1971611,1971204,1481237,1047952
"1187",1971830,1971412,3453068,1481436
"1189",1971619,1971433,3705541,1251498
"1190",1971684,1971445,4144457,3705715
"1196",1983800,1979738,3712160,1036731
"1198",1983893,1983753,3354250,617452
"1200",1987774,1984917,1028099,616285
"1202",1991017,1988584,3043322,1026709
"1203",1992117,1990966,3411378,3043271
"1204",1992117,1992042,3411522,3411303
"1206",1997379,1997062,4321419,1018230
"1210",1997379,1997185,1619533,461786
"1211",1997396,1997266,2078375,1619646
"1213",1997379,1997285,2615287,59498
"1215",1998673,1997690,1921120,1640376
"1216",1999025,1998591,1921484,1921038
"1217",2001999,1998972,4286933,1921431
"1220",2002001,2001968,2805608,2805564
"1225",2011079,2007718,1194093,999374
"1227",2017675,2012700,2679981,997316
"1231",2032084,2028188,3235981,982702
"1233",2034553,2033902,1977303,977520
"1236",2035165,2034051,1461995,542970
"1237",2034582,2034096,2737347,1462948
"1239",2035003,2034927,1977670,543802
"1240",2035165,2034927,2737805,1977594
"1242",2041059,2035074,4302267,1977711
"1247",2044628,2044525,953767,802362
"1251",2058151,2057928,953895,800474
"1253",2058126,2058022,956280,802466
"1255",2059934,2059823,953763,802356
"1260",2062374,2062255,816119,800652
"1262",2063189,2062428,2132876,789130
"1264",2068940,2062692,2455096,1816457
"1269",2082373,2081276,2332863,749480
"1274",2118427,2112051,717922,127122
"1275",2114316,2113434,1282045,722916
"1276",2118557,2113845,2965653,1282516
"1277",2118508,2118462,2986075,2965567
"1278",2118597,2118463,3355469,2986029
"1281",2133463,2125771,4286933,710607
"1283",2133479,2133432,4405366,2965650
"1291",2159884,2157867,684271,680111
"1295",2171431,2168635,816876,673280
"1296",2175664,2171198,4188339,817109
"1300",2186741,2183718,3928056,657243
"1303",2190221,2188435,4035541,653857
"1308",2217005,2211714,2142490,645812
"1310",2217008,2216907,2606431,1540469
"1311",2217006,2216910,2712368,2606333
"1312",2217007,2216917,4473607,2712457
"1319",2229365,2227333,3994991,630837
"1322",2236681,2230541,4286933,622036
"1324",2238005,2236747,3525284,618657
"1326",2238005,2237949,4614090,87051
"1328",2238071,2237965,3354229,1032703
"1330",2241536,2238603,3912437,86406
"1333",2246384,2243804,1101722,611504
"1342",2261089,2259718,2823941,594307
"1343",2261095,2260906,3328043,2823758
"1346",2266365,2266133,1523390,586651
"1347",2267518,2266320,3471552,1523435
"1350",2276883,2276400,1293593,575515
"1351",2276883,2276741,2111761,1293451
"1352",2276865,2276755,4520502,2111889
"1355",2286288,2286210,4587549,136347
"1357",2290855,2290463,1266443,566312
"1358",2291298,2290788,2965650,1266507
"1360",2294441,2291360,3538591,565550
"1362",2304506,2296359,3184725,560444
"1369",2312721,2306976,1976811,548777
"1371",2311930,2311645,1462201,976200
"1373",2312017,2311646,2737515,1373582
"1377",2312761,2312229,1374721,976856
"1379",2316914,2313413,4286933,542306
"1381",2318447,2317035,4255522,538794
"1383",2322653,2322366,4580321,3777067
"1386",2327283,2322561,3920075,2685625
"1388",2339362,2336812,4086313,528398
"1391",2340394,2340336,2965650,2576466
"1392",2340396,2340336,4286966,2965588
"1394",2347217,2344850,2965588,524473
"1397",2357649,2349957,3216398,520571
"1404",2414197,2407423,4176117,482556
"1407",2423550,2421277,3217154,463908
"1410",2424062,2423737,2318458,461905
"1412",2424056,2423779,1619527,1018184
"1413",2424224,2423862,4321248,1619721
"1421",2431012,2426998,4112500,459550
"1423",2431012,2430928,4112407,4112229
"1427",2443845,2440382,2965588,444478
"1431",2469134,2464211,1749369,429160
"1433",2482119,2476731,3755194,16436
"1435",2484335,2482408,4039130,3754912
"1437",2496333,2495496,1870966,401927
"1439",2503321,2501990,2826532,395188
"1440",2507184,2502765,3328916,2827088
"1443",2511198,2510882,3151855,383432
"1447",2518116,2515734,377442,278827
"1448",2518117,2518036,2799134,377522
"1449",2518117,2518036,2929713,2799053
"1452",2518109,2518054,374708,374411
"1453",2518109,2518054,2218262,374653
"1455",2518231,2518144,2799133,377644
"1456",2518231,2518150,2929712,2799052
"1458",2518224,2518169,374588,374411
"1459",2518224,2518169,2218262,374533
"1461",2521128,2520931,2218192,374595
"1463",2521006,2520931,2218194,374473
"1464",2520993,2520931,2799071,2218269
"1465",2520993,2520938,2929650,2799126
"1467",2520993,2520938,377619,377449
"1469",2521113,2521051,2799071,374715
"1470",2521113,2521058,2929650,2799126
"1472",2521113,2521058,377619,377449
"1473",2521328,2521058,2218115,377564
"1475",2521235,2521173,2799071,374715
"1476",2521235,2521180,2929650,2799126
"1478",2521330,2521180,2217684,377449
"1479",2521336,2521253,2217886,2217761
"1480",2521328,2521253,2218306,2217969
"1481",2521315,2521253,2733983,2218381
"1485",2522441,2521467,790023,374335
"1486",2522444,2522311,1545557,789893
"1488",2523703,2522757,4019089,373236
"1491",2535150,2532565,394104,355878
"1492",2536166,2534924,2299105,393878
"1494",2538568,2536401,2965617,359680
"1496",2540244,2538673,1802354,356635
"1497",2540406,2540152,2142490,1802446
"1498",2540407,2540299,2712368,2142597
"1500",2540407,2540306,1924912,1917902
"1501",2540415,2540307,1968394,1925012
"1503",2540409,2540309,2088372,1257683
"1505",2540385,2540312,4247727,640563
"1509",2540424,2540327,2448328,1619609
"1510",2540418,2540365,2933045,2448269
"1511",2540738,2540366,3502571,2933097
"1517",2549563,2545956,2965650,214190
"1519",2552803,2549646,3883303,344157
"1523",2568888,2568323,4634194,332240
"1527",2575796,2572168,754772,328331
"1529",2579592,2576095,3148170,324531
"1530",2581608,2578690,3991706,3149072
"1532",2584916,2581656,4262733,3184766
"1535",2590683,2585854,2496909,1268452
"1536",2590683,2587595,4316634,2493815
"1541",2593011,2591231,2965650,309346
"1542",2593013,2592976,4286966,2965615
"1546",2609652,2605465,3790786,495660
"1549",2613642,2610799,3802027,3789579
"1552",2613296,2613010,3578270,533457
"1565",2655072,2654159,2965656,250641
"1567",2655562,2655037,289701,249807
"1568",2655548,2655502,3298307,289641
"1569",2656535,2655508,3517520,3298347
"1571",2656529,2656407,3623187,1717388
"1572",2656529,2656415,4218594,3623073
"1574",2656527,2656417,3817784,3430103
"1575",2656527,2656417,4482323,3817894
"1578",2658479,2656536,3144596,248429
"1580",2662393,2661642,594405,243190
"1582",2662484,2662399,2435545,594319
"1584",2662575,2662490,2435545,594319
"1588",2677158,2668130,617324,229501
"1594",2684214,2683280,2965650,230320
"1596",2687387,2684246,2508873,229370
"1597",2688119,2687070,2628571,2508556
"1598",2688119,2687874,3578191,2628816
"1605",2713395,2707337,2157470,205895
"1607",2714380,2713799,2965650,118284
"1609",2716248,2716062,2010947,198937
"1610",2716251,2716066,4173473,2011129
"1612",2729297,2717495,2929577,197373
"1614",2726194,2726025,2795783,188916
"1615",2726194,2726025,3641588,2795613
"1616",2726200,2726025,4321993,3641418
"1618",2729446,2726059,4325489,2757701
"1620",2729446,2726064,185383,98807
"1621",2729446,2726226,3644951,188610
"1623",2738898,2726226,3654320,2795919
"1625",2731499,2729551,183414,95401
"1626",2731366,2729551,4327322,185364
"1628",2731531,2729551,2801309,2761111
"1629",2731366,2729567,2931722,2799345
"1631",2744107,2733086,3659609,2038105
"1634",2754000,2740574,3671398,1654700
"1635",2755380,2744121,3672839,3661515
"1639",2785840,2765464,4133778,816970
"1641",2792667,2788804,4281196,3729885
"1643",2792085,2792008,2389852,1401227
"1645",2793640,2792033,4484992,1429180
"1648",2798573,2797532,3739158,3738058
"1650",2800459,2798094,3740912,1283064
"1651",2807096,2798973,3749484,3739399
"1653",2814190,2805481,3756721,2712543
"1655",2818216,2808178,3760790,259671
"1656",2818275,2814216,3761120,3756810
"1657",2817942,2817648,3761061,3760499
"1660",2817861,2817682,3761120,2217618
"1664",2817990,2817924,2218080,2217586
"1665",2818136,2817937,3761120,2218028
"1667",2818550,2818195,3760981,3760361
"1668",2818357,2818195,3761061,3760631
"1672",2818407,2818339,2218082,2217586
"1673",2824452,2818352,3767116,2218028
"1674",2835038,2818472,3780451,3761042
"1675",2830073,2824496,4244902,3769877
"1676",2831660,2829938,4580608,4244767
"1678",2835150,2831379,4286966,2685536
"1680",2842502,2835204,3788056,3780735
"1681",2838105,2837587,4621979,3783127
"1684",2841536,2841169,3953824,284927
"1685",2842401,2841169,3954707,3953457
"1687",2842501,2842227,3087855,286006
"1688",2842504,2842416,4380810,3087767
"1691",2850988,2842422,3796482,435740
"1692",2854263,2842636,3799878,3788110
"1693",2852054,2850979,4059475,3796594
"1695",2855833,2854300,4580321,3800145
"1697",2855831,2855549,3776782,533458
"1699",2856852,2856114,3803198,2685255
"1700",2859654,2856476,3809484,3802825
"1702",2867856,2866513,3941062,3812508
"1705",2894759,2887580,3831208,3823937
"1706",2903373,2894183,3839835,3830632
"1708",2905458,2899662,3840697,2588454
"1711",2910704,2906689,3844983,1488185
"1714",2927672,2917888,3862517,2965650
"1715",2918869,2918049,3855038,3852855
"1718",2930943,2920529,3865799,3853971
"1719",2930931,2927894,4171423,3862749
"1722",2945864,2930360,3880867,609582
"1724",2945992,2943913,2965650,1637917
"1725",2947686,2945959,3882598,2965617
"1726",2966178,2946080,3901360,3880984
"1727",2947465,2947382,3882825,3882514
"1728",2947466,2947382,4223481,3882742
"1730",2947575,2947495,3882825,3882517
"1732",2947573,2947495,4223484,3882289
"1734",2947686,2947605,4223481,3882289
"1736",2972637,2948163,3908213,341003
"1738",2977597,2970839,3913303,1126000
"1740",2977078,2976600,614197,90210
"1741",2980646,2976737,3917490,613856
"1742",2982089,2977636,4002580,3914477
"1744",2984256,2982492,3919807,1675490
"1745",2985688,2982494,3921343,3918017
"1747",2987081,2984441,3924167,528562
"1748",2988153,2985793,3926680,3922879
"1749",2999960,2987473,3941615,3926001
"1753",3004805,3004435,2685720,532994
"1755",3011840,3004625,3310446,225497
"1756",3028489,3011785,3551903,3310391
"1757",3028990,3027184,4621957,3553208
"1760",3030279,3029050,4262824,317024
"1762",3040375,3033073,3949102,3941757
"1764",3042294,3035429,3951096,1244944
"1766",3045101,3042494,3954717,3951255
"1768",3044507,3043693,3787385,284779
"1770",3049084,3044703,3957744,3787581
"1771",3052333,3046167,3961102,3954827
"1773",3056786,3051404,3965668,2308453
"1777",3069819,3067380,3971657,3969159
"1779",3071272,3070003,3980254,2965650
"1781",3071403,3071268,3517388,3008551
"1782",3071396,3071269,3623068,3517522
"1783",3071389,3071271,3817894,3623193
"1784",3071396,3071271,3957799,3817776
"1787",3071392,3071274,4218479,161190
"1788",3071396,3071300,4482440,4218574
"1790",3071370,3071306,2918564,2355868
"1791",3071389,3071312,3882394,2918622
"1792",3071389,3071312,3882622,3882471
"1793",3073914,3071312,3982813,3882699
"1794",3082672,3071432,3994719,3980301
"1796",3078802,3075542,4641170,2852124
"1799",3083924,3079711,3998080,319078
"1800",3087905,3082876,4002136,3997017
"1802",3092822,3088178,4007126,4002401
"1803",3093924,3089714,4008293,4004020
"1808",3108894,3105731,2286226,372023
"1809",3110482,3107068,3440485,2288052
"1810",3120025,3110348,4647428,3440352
"1814",3139593,3136666,4057507,4052115
"1815",3146788,3138684,4066498,4056595
"1817",3148938,3139748,4070474,3797692
"1819",3150752,3147948,4562427,384386
"1822",3153416,3151410,3218661,2223172
"1823",3154057,3152272,4161881,3219805
"1826",3171831,3165594,4089043,526172
"1828",3179599,3172443,4101715,4089068
"1830",3175192,3174014,44051,42867
"1831",3184668,3175029,4106898,43888
"1832",3185070,3179621,4107368,4101795
"1835",3199641,3194702,4112186,687262
"1836",3203125,3195339,4115971,4107872
"1837",3203266,3199660,4286933,4112505
"1839",3209487,3203314,4122504,4116232
"1841",3208611,3205436,2350801,1141600
"1842",3212855,3208331,4131026,2350521
"1843",3215714,3209532,4133896,4127649
"1844",3214293,3212852,4486705,4131104
"1847",3216678,3216642,4433876,2965653
"1850",3220895,3217453,4147273,1709156
"1852",3217996,3217840,3452825,3375034
"1854",3218005,3217845,4067083,3351016
"1856",3218007,3217856,1251663,1047712
"1857",3217996,3217856,1407710,1251512
"1859",3218008,3217857,4142506,1046016
"1864",3218908,3217935,3704649,1481322
"1866",3223234,3220325,2619205,2179404
"1867",3233683,3223189,4149493,2619160
"1873",3248266,3243407,4075334,3474527
"1874",3252003,3247812,4165714,4074880
"1877",3258260,3252911,4171290,4165889
"1879",3267479,3253972,4180666,2563791
"1881",3259650,3258298,3864431,1128918
"1883",3259648,3258325,1130268,610122
"1884",3260110,3259431,3316070,1130051
"1887",3263054,3260137,475825,198920
"1888",3264969,3262938,3863133,475709
"1889",3273567,3263784,4184581,3864270
"1891",3274867,3270710,3856860,3851709
"1892",3276854,3273582,4186553,3855575
"1894",3281609,3277866,4192681,4186621
"1897",3289847,3289426,2151304,1054212
"1898",3298187,3289619,4203705,2151075
"1900",3297085,3296996,2162808,594407
"1901",3298847,3297022,4204483,2162744
"1903",3313238,3299496,4218445,4204536
"1905",3305234,3304574,3229488,2648691
"1907",3306968,3306838,2157074,199285
"1908",3309268,3306845,4430262,2156951
"1912",3318289,3318210,3882747,3882370
"1913",3353105,3318213,4256469,3882823
"1915",3341544,3330460,3775468,2965650
"1918",3344437,3344354,2712451,2142489
"1919",3360616,3344355,4264082,2712369
"1921",3364791,3359279,3176368,315713
"1922",3368920,3364544,4265337,3176121
"1923",3372587,3367860,4269087,4264328
"1924",3374562,3369036,4271089,4265533
"1927",3383314,3377745,4278174,4272519
"1929",3381395,3381016,4277684,2972186
"1931",3382849,3382727,4276300,2971893
"1932",3386129,3382728,4281109,4276179
"1933",3390450,3383330,4286908,4278286
"1937",3392253,3392126,3901627,339610
"1939",3392230,3392167,2965588,1826861
"1940",3392252,3392170,4565972,2965648
"1944",3392344,3392217,3901627,339610
"1945",3392343,3392258,4565972,3901709
"1947",3392321,3392258,2965588,1826861
"1948",3392342,3392259,3879953,2965650
"1951",3398903,3392308,4295086,339610
"1953",3405285,3399053,4302557,4295152
"1954",3409951,3404642,4307535,4301893
"1955",3418610,3405367,4317143,4302953
"1959",3414759,3414020,2636345,2492758
"1961",3416504,3415033,2634612,312987
"1964",3418113,3417173,2633021,310850
"1965",3423197,3417289,4321736,2633843
"1968",3423108,3422817,2318697,461526
"1970",3423064,3422865,2142677,1619518
"1973",3426896,3422880,4325340,1017913
"1975",3423552,3423412,2757840,98813
"1977",3423550,3423415,2795785,188879
"1978",3423550,3423415,3641590,2795650
"1980",3423552,3423416,4322237,2926338
"1984",3423799,3423647,4321993,98826
"1987",3423793,3423665,2795783,188874
"1988",3423793,3423665,3641588,2795655
"1991",3426896,3423825,3644802,188610
"1994",3427026,3426971,374588,374411
"1995",3427026,3426971,2218262,374533
"1996",3429064,3426971,2931812,2218207
"2001",3428974,3427172,3646783,95385
"2002",3438493,3427172,4336817,3644986
"2005",3459376,3458537,3038218,2069519
"2007",3461089,3460135,3036871,2067909
"2009",3467045,3465997,4353281,2061831
"2012",3483181,3470144,4366536,2790385
"2013",3481837,3477906,4366035,4361266
"2015",3485364,3482639,4377075,4365151
"2016",3488888,3483244,4380699,4374956
"2017",3493731,3485414,4385578,4377221
"2019",3492111,3489245,2437294,1692063
"2020",3496910,3491888,4388852,2437517
"2022",3499202,3494814,4391321,1259961
"2023",3499608,3496960,4397546,4389085
"2026",3512602,3512509,3102797,2965569
"2027",3519217,3512554,4411930,3102748
"2029",3525424,3519363,4418074,4411982
"2032",3539706,3532529,4430605,4423375
"2034",3536308,3536220,3530801,2862149
"2036",3536311,3536220,3158927,2571331
"2037",3539427,3536249,4214409,3158989
"2038",3542969,3539372,4433848,4214464
"2041",3552622,3543297,4442487,2487465
"2042",3547520,3544082,4461753,4433935
"2044",3547974,3547886,4446485,1709170
"2046",3550906,3547904,4450494,1709106
"2047",3551674,3550422,4451271,4450010
"2048",3552173,3551359,4451779,4450956
"2051",3563518,3559843,4449525,4445703
"2055",3575660,3565427,4461279,4441225
"2056",3578835,3573774,4464502,4459391
"2058",3580848,3576086,4466590,4437365
"2059",3581626,3578865,4467554,4464603
"2061",3582518,3580924,4468418,1737628
"2064",3585013,3582045,4469569,2120258
"2065",3592495,3584786,4477333,4469344
"2069",3589074,3588745,2142179,2088336
"2070",3592597,3589037,2965617,2142216
"2071",3597586,3592564,4482314,2965650
"2076",3597494,3596270,4484356,2716011
"2079",3599811,3598395,4484575,2965569
"2081",3605252,3598555,4491451,4481180
"2086",3608639,3602291,4494928,640514
"2088",3608417,3607753,2468886,2468207
"2089",3612912,3608320,4500300,2468789
"2091",3613534,3612415,4516439,1552787
"2092",3618989,3612950,4521959,4515855
"2094",3618305,3617415,2606352,1293458
"2095",3630832,3618234,4527253,2606423
"2097",3639125,3628991,4531608,2160378
"2099",3640545,3639209,4532928,2965650
"2102",3647651,3640928,4542832,1584827
"2106",3663494,3660409,4316623,312992
"2108",3661893,3661437,2634604,311964
"2110",3663512,3662661,2633000,310740
"2112",3671240,3663225,4546459,679919
"2115",3674368,3671152,4551183,1167544
"2117",3674476,3674381,3184763,2965650
"2118",3676109,3674435,4552816,3184722
"2120",3685698,3676184,4562313,2965617
"2122",3689122,3682494,4565941,3534814
"2123",3699907,3685699,4576838,4562509
"2124",3701834,3689155,4579719,4566076
"2126",3705851,3701466,4585098,4170067
"2128",3702400,3702135,2111006,1294726
"2131",3702382,3702291,1995588,575077
"2132",3703402,3702346,2111889,1995552
"2134",3703401,3703213,1293466,575802
"2135",3703391,3703271,1473582,1293596
"2137",3704035,3703555,2107171,1339574
"2139",3705996,3704792,2965617,2107927
"2140",3708235,3705963,4587369,2965650
"2142",3710652,3706378,4589587,1438575
"2144",3708683,3708608,566552,136432
"2145",3717203,3708611,4596065,566480
"2147",3719150,3714126,4602282,1732935
"2151",3726851,3720073,4607974,1117924
"2155",3733129,3728820,3518466,669264
"2156",3733529,3733035,3712119,3518372
"2158",3733642,3733482,1032823,617399
"2159",3734568,3733485,3701808,1032666
"2161",3740943,3734686,4621458,88014
"2164",3750781,3741262,4630779,3783325
"2167",3754099,3750085,4640204,3087867
"2168",3754429,3752963,4640585,4639068
"2170",3756603,3754880,4633488,3851563
"2173",3761980,3755928,4638918,1428964
"2175",3774194,3756970,4643029,2875857
"2177",3777027,3772335,4645926,3990851
"2181",3792658,3784584,4661987,4653222
"2185",3817539,3807172,4682861,4668315
"2189",3832107,3826857,4694802,1814661
"2192",3836325,3835787,4695214,3031861
"2194",3839138,3836941,4699715,590172
"2196",3840087,3839173,4707968,2935171
"2197",3841821,3839174,4717258,4707041
"2201",3846098,3845733,2611403,3700
"2205",3853692,3850756,12996,8801
"2206",3851625,3850802,3067729,10132
"2209",3855233,3853752,20377,13971
"2210",3856319,3855118,22078,20262
"2212",3863737,3856896,29509,22159
"2214",3869278,3863883,35037,29583
"2217",3877037,3873055,41716,3638
"2218",3877617,3876140,4286933,40829
"2220",3878913,3877704,4096342,41852
"2224",3890571,3889309,2647789,2646475
"2225",3890555,3890281,4210679,2647499
"2228",3897429,3891516,58410,52427
"2229",3902732,3895272,3954295,56253
"2232",3903526,3903179,3953477,285294
"2234",3908243,3906865,2142178,58554
"2235",3908240,3908190,4473899,2142231
"2237",3913714,3908548,65405,60164
"2238",3913804,3910480,65620,62154
"2239",3931296,3913709,83175,65524
"2240",3959445,3913826,111487,65709
"2241",3934300,3931292,3518066,83253
"2243",3935091,3934327,617461,616688
"2244",3935207,3934953,3525462,617323
"2245",3935189,3935027,4614250,3525282
"2247",3936240,3935032,3526508,1032666
"2248",3938295,3936041,3912373,3526309
"2250",3943393,3940080,2799350,679060
"2251",3946662,3941434,3641724,2801308
"2253",3946949,3941442,2757582,183390
"2254",3946829,3941599,4322098,2762925
"2258",3946851,3943582,4321829,2798998
"2260",3946828,3946694,2795649,188746
"2261",3946828,3946694,3641454,2795783
"2265",3956913,3951671,3429458,10953
"2266",3956913,3956874,3831316,3429419
"2268",3956913,3956878,4437808,1090388
"2270",3964214,3959522,117922,111597
"2271",3962484,3960632,149889,114339
"2272",3964267,3962320,710678,149722
"2273",3964352,3964227,3046922,710718
"2274",3964350,3964228,3183669,3046797
"2275",3964311,3964230,3882428,3183790
"2276",3964311,3964252,3882656,3882487
"2278",3964703,3964365,2157072,117946
"2279",3964713,3964570,4212172,2156939
"2281",3982692,3967901,3192830,121497
"2283",3982692,3982604,3192711,3192509
"2284",3982814,3982606,4587547,3192625
"2287",3994095,3986415,144501,136728
"2289",3996834,3994451,3947932,144534
"2291",3999809,3998634,116198,115017
"2292",4002376,3999635,151545,116030
"2294",4013005,4003307,3430120,151646
"2295",4013002,4012929,3817874,3430196
"2297",4027294,4015364,175739,163710
"2298",4027405,4024903,2965650,173351
"2299",4027406,4027344,3621200,2965588
"2300",4027407,4027344,4286966,3621262
"2302",4027504,4027419,3621200,2965570
"2303",4027505,4027442,4286966,3621262
"2304",4027604,4027472,4566058,4286933
"2308",4037121,4035164,3644986,93429
"2310",4037222,4035174,2929821,2801291
"2312",4037121,4035322,4325524,2762925
"2316",4037322,4037267,374533,374466
"2318",4037322,4037267,2218207,374708
"2320",4040644,4037397,2757703,95569
"2321",4040641,4037397,4322103,2760943
"2323",4040479,4037397,3641724,185532
"2324",4040675,4037397,4321823,3644802
"2326",4040653,4040511,2795640,188746
"2327",4040653,4040511,3641445,2795783
"2337",4054597,4054313,2628556,225700
"2338",4063593,4054421,2965650,2628732
"2345",4080053,4079706,2965617,2891007
"2349",4086841,4081914,2878674,1468584
"2353",4094507,4094449,3184694,1826783
"2354",4094538,4094467,3184765,3184654
"2356",4094630,4094541,3184765,1826783
"2358",4094691,4094633,3184694,1826783
"2359",4094718,4094651,3184761,3184654
"2363",4102607,4101524,3497678,2866892
"2367",4112736,4109143,2853434,352128
"2369",4115507,4113724,3988158,2853335
"2372",4127267,4117285,2838845,769937
"2373",4127985,4118806,2965617,2847357
"2376",4133499,4129238,2832099,1632759
"2379",4138768,4137931,4137874,2829651
"2382",4148328,4143639,2819166,592936
"2384",4153350,4146327,2814163,2116517
"2390",4164840,4164048,2802780,1101680
"2394",4168265,4166302,3644970,93439
"2396",4168265,4166450,4325508,2762925
"2399",4171764,4168370,2757703,95420
"2400",4171761,4168370,4322103,2761092
"2402",4171599,4168370,3641724,185383
"2405",4171795,4168519,4321823,2798998
"2407",4171773,4171631,2795640,188746
"2408",4171773,4171631,3641445,2795783
"2410",4171968,4171912,2926301,2795670
"2414",4175832,4175472,4322017,1278188
"2416",4177130,4175760,4353420,1023188
"2420",4200555,4193418,2521013,2114940
"2422",4204053,4203791,2628605,225203
"2423",4204083,4203810,2914187,2628335
"2424",4204204,4203812,3776671,2913916
"2426",4213166,4203905,2757704,1345311
"2429",4213002,4207842,3641724,93483
"2431",4209737,4207842,2929925,2801247
"2432",4213165,4207843,4322102,2931815
"2434",4213162,4207937,2926342,183548
"2436",4213201,4209921,4321819,2798998
"2438",4213162,4213034,2795655,188746
"2439",4213162,4213034,3641460,2795783
"2441",4218471,4213697,4286966,3641250
"2447",4235456,4233669,4286966,3623025
"2451",4243875,4242528,4475178,3615912
"2452",4245218,4243813,4566057,4475116
"2454",4247386,4245132,4473402,2965570
"2456",4247265,4246889,2197174,1801898
"2457",4249313,4247201,3609065,2197238
"2458",4249446,4247943,4112229,3610448
"2460",4249447,4249324,4155251,4112447
"2463",4249445,4249362,2965650,717841
"2464",4250533,4249384,3607911,2965588
"2470",4268307,4266391,3589285,1153047
"2479",4285384,4283252,4287006,3547241
"2484",4293532,4291923,3536881,562470
"2487",4295950,4295387,3102804,1043483
"2491",4297213,4296236,3533607,3102750
"2494",4310991,4297291,3517521,1729496
"2495",4309683,4306920,4614094,3521592
"2497",4310902,4310832,3524108,85889
"2502",4317982,4317915,2858913,2435544
"2504",4324709,4324598,2142490,2078501
"2506",4324706,4324609,4321419,1018010
"2507",4324706,4324609,4581628,4321516
"2509",4324709,4324615,4488539,1968497
"2514",4324709,4324665,1802192,461633
"2515",4325114,4324669,2142124,1802232
"2516",4325882,4325029,4286933,2142209
"2518",4325982,4325868,4286933,3184693
"2520",4326082,4325968,4286933,3184693
"2522",4326182,4326051,4286933,2965650
"2524",4326282,4326168,4286933,3184693
"2532",4347206,4345714,2241999,1565289
"2533",4351723,4345722,3484616,2243483
"2534",4352359,4349080,3935023,3487276
"2536",4354759,4352968,3943953,1430317
"2539",4358587,4355939,2944650,2275858
"2540",4369140,4356530,3433821,2942593
"2541",4362674,4362551,4023464,3440445
"2545",4374279,4373262,3428525,2965617
"2546",4374529,4373396,4286933,3429409
"2552",4392549,4381095,3411301,2253674
"2555",4409082,4392360,3394860,1023182
"2557",4392660,4392472,3411445,1023182
"2559",4409196,4392583,3102751,1023182
"2561",4410054,4409153,3393977,2965650
"2562",4413221,4409248,4102792,3394780
"2564",4424380,4414233,4630776,3393946
"2566",4432057,4423709,3376473,3087880
"2569",4430400,4429936,3030702,1446887
"2571",4433068,4430530,3373706,2567211
"2574",4441359,4434495,3365800,471196
"2579",4452434,4452261,3525388,86926
"2580",4453782,4452267,3711647,3525221
"2582",4457159,4453721,3348064,87426
"2584",4459310,4457184,3345743,2965616
"2585",4459475,4457313,3749639,3347742
"2588",4459856,4459351,3345310,1828506
"2591",4462962,4460465,3334451,2965617
"2595",4470913,4470527,4173274,3316456
"2602",4490101,4484875,3293174,249340
"2604",4492482,4490649,4436445,2586390
"2606",4492835,4492598,3836175,2588288
"2609",4497886,4497380,952395,918682
"2610",4514323,4497380,3562008,952901
"2612",4511043,4510846,2642421,2375734
"2614",4511701,4511630,3482480,2461091
"2615",4518300,4511642,3557969,3482540
"2616",4521570,4514347,4436852,3561926
"2618",4541524,4534811,3442635,3237755
"2619",4541498,4540994,3443601,3442105
"2622",4545037,4542489,3446116,3442535
"2623",4548981,4542978,3450062,3444037
"2624",4546009,4545228,4045555,3446311
"2627",4546181,4545960,4703757,2151111
"2629",4549710,4547204,3450791,2429879
"2631",4554185,4551636,1522229,586745
"2632",4554247,4552970,3471479,1523435
"2634",4554542,4553252,4286968,586189
"2638",4562638,4558604,3226002,299333
"2644",4583242,4583116,4482317,2077768
"2646",4583250,4583118,3046790,2705698
"2647",4583244,4583118,3817776,3046923
"2651",4583152,4583119,4464523,1828507
"2654",4583242,4583120,3749638,1717392
"2655",4583236,4583120,4218592,3749515
"2658",4583203,4583139,2918622,243294
"2660",4589117,4583206,3210358,2077898
"2664",4593312,4590087,3206083,2364363
"2666",4593200,4592482,3374757,1045592
"2668",4593162,4592485,4066679,1407428
"2670",4592930,4592503,3452662,1047308
"2673",4592881,4592733,3705687,1251686
"2674",4592927,4592735,4142334,3705541
"2676",4592897,4592743,4144230,1481237
"2679",4602966,4593109,3199409,1251310
"2686",4606401,4606079,3192625,136304
"2688",4606402,4606200,3192743,136304
"2690",4611246,4606315,3187718,136304
"2694",4615526,4614429,3183790,2965588
"2698",4618192,4618115,2863881,1063350
"2699",4618176,4618115,4095624,2863963
"2700",4618191,4618117,2965650,2965571
"2701",4618177,4618117,3901690,3901629
"2703",4618176,4618117,3908294,3908234
"2704",4618205,4618117,3800059,3799967
"2708",4618176,4618124,3866793,3866741
"2713",4628850,4628811,2965656,2965617
"2720",4640039,4639977,4427204,4427142
"2721",4640035,4639984,3530800,3530749
