"","cbend","cbstart","ecend","ecstart"
"1",14737,91,15301,91
"4",2678889,2679397,13330,12774
"5",48306,2678723,19603,13496
"14",92032,98057,45751,35381
"16",1435284,1436985,42392,39520
"17",1433820,1434678,43861,43010
"18",93493,1431919,47122,45750
"20",93954,98179,47343,47166
"22",115438,3608171,65785,48620
"25",3864662,4628962,65853,66538
"26",2722035,3863947,66619,66566
"27",2722035,2721988,66789,66572
"28",128815,2721977,77596,66732
"30",227748,4837049,72156,72135
"32",133958,2308386,83755,78281
"34",373255,373808,80391,79838
"35",138054,373178,87849,80468
"37",151048,3996236,100734,87011
"39",161388,1933683,110978,93078
"42",161914,2031698,111412,110966
"45",180954,2624969,127735,114036
"47",625200,4139853,120586,121109
"49",179753,4634901,125918,121522
"50",179801,179545,126278,125710
"51",179523,179245,126597,125713
"52",179141,178933,126530,126019
"55",1846835,3877213,127851,127776
"56",116275,1846766,127837,127782
"59",812482,4111885,127835,127798
"61",2634203,2928061,127776,127839
"63",4169681,4382579,127800,127852
"65",671114,4215471,127779,127872
"67",182493,3971275,129396,127880
"69",188454,4824925,134212,127886
"72",203875,194214,144473,134801
"76",538850,3966999,146983,147544
"77",212373,538276,148808,147557
"79",215296,212486,159151,148807
"81",223445,215411,167264,159164
"84",229717,651031,173444,170338
"86",238545,2451376,174935,173589
"87",240529,237218,176975,173609
"91",252828,3517445,188664,181557
"95",2928137,3734390,190621,190627
"96",2634216,2928057,190621,190701
"98",2680745,2895770,190627,190731
"99",671133,2680639,190618,190734
"105",1185059,3960662,192647,192717
"106",906918,1184988,192647,192717
"107",351608,906847,192647,192717
"111",2427557,3316991,192647,192719
"113",351474,3960558,192719,192760
"117",906784,4753714,192719,192764
"119",259177,1184879,194852,192764
"123",290873,2699932,225464,209662
"125",572622,726883,222005,222181
"127",4197751,4394372,225462,223465
"129",4101722,4350921,225361,223559
"130",3572310,4099923,223467,223559
"131",2801882,3570417,223549,225361
"134",291773,4352908,226298,225477
"136",819047,2531844,225562,225507
"139",2529016,2532082,225497,225507
"141",4103198,4396489,226927,225637
"142",292503,4101906,226927,225637
"148",294383,4397870,228716,226933
"150",2799125,4199375,226299,226933
"152",294645,4399788,228882,228747
"155",296865,4356367,230939,228750
"159",304343,3566614,229004,228886
"161",299049,1501661,231951,228990
"163",294906,299274,237009,231956
"165",1501717,4105283,236937,236931
"166",352489,1501661,240190,236993
"167",355859,351736,244121,239437
"168",223550,352597,244163,240859
"172",1510441,3679706,247141,245977
"174",358853,2009476,251951,249652
"175",359062,357766,253342,250865
"176",116278,358920,253424,253201
"179",3193955,4768937,253420,253337
"180",1846865,3193872,253465,253337
"182",812482,3877200,253419,253347
"184",3734455,4364326,253418,253352
"185",3453576,3734390,253430,253353
"186",671114,3453505,253363,253359
"188",95331,3902790,253336,253424
"190",2680746,4382585,253352,253430
"192",252996,4824963,253341,253432
"196",2634226,4297354,253337,253464
"199",2928148,4722004,253336,253465
"200",360806,2928018,254191,253466
"202",368881,360973,262956,254259
"204",1550065,2365517,259395,259110
"206",1090829,2078596,260060,259202
"208",1550753,2078441,260044,259327
"210",1607457,2366057,259121,259572
"212",818840,1655226,262933,260047
"217",2299701,2532162,275978,262878
"218",2299451,2299656,276204,276023
"220",2497358,3442147,277744,277699
"221",92142,2497315,277742,277701
"223",836356,4517558,277705,277705
"224",555388,836320,277703,277741
"226",883277,2383734,278391,277744
"227",726930,883200,278397,278314
"230",1313028,2462726,278697,278621
"231",614480,1312965,280425,278634
"235",368881,4711757,297264,289311
"238",526756,1958702,312376,304310
"242",1962865,3046821,316486,315229
"243",369822,1962785,315765,316406
"245",622594,1768803,317784,317568
"246",621640,621895,318689,318482
"247",591983,619274,337389,321065
"248",593255,591786,338714,337192
"252",415526,4730214,346378,343476
"258",2704850,4213433,347615,347346
"260",423574,4390425,354592,347602
"262",4513868,4515176,354459,353130
"263",3503048,4513833,356132,354494
"264",3504292,3501750,357388,354823
"265",820087,3503213,357491,356309
"267",820087,2532307,357691,357564
"271",2292026,4837048,377784,377433
"272",1719131,2291571,379929,378239
"273",919545,1717692,386646,378472
"274",895058,919488,386589,386589
"277",424720,2553221,389796,386689
"279",369822,425021,392427,390108
"283",434709,3046816,400995,392968
"285",442891,436966,408461,401247
"286",444864,437707,411042,403271
"288",4837087,4837048,411217,411076
"289",446074,4837045,412487,411175
"293",4140331,4855772,421892,417462
"295",460617,4635512,426068,421611
"302",2928156,3971273,438286,438149
"303",2634225,2928019,438277,438150
"304",801718,2634098,438283,438150
"305",253008,801586,438286,438151
"307",4440044,4824965,438277,438185
"308",3453578,4440006,438183,438239
"309",323311,3453505,438150,438256
"310",255153,323193,438158,438268
"312",2981609,3193882,438152,438268
"313",1846865,2981489,438150,438273
"314",479318,1846739,442999,438276
"317",489798,2090459,446746,445175
"321",515065,4386805,468247,461547
"325",524552,2703666,476576,472929
"326",526173,522276,478663,474297
"328",537890,526826,489900,478793
"330",395928,2595777,483277,482267
"334",545801,4589569,496995,489560
"337",555285,546837,506565,497978
"340",560547,3272725,511450,508722
"343",400559,3744311,509137,509236
"344",399822,400327,509868,509369
"350",581017,4752435,537465,529988
"353",3110347,3415912,542002,542331
"354",2606443,3109802,542494,542547
"355",596009,2606358,551330,542579
"358",600528,4837046,556006,551420
"360",603653,3621445,557825,554175
"364",27266,606156,561133,559802
"368",2911874,3046816,568035,566775
"369",1962863,2910614,568035,566776
"370",369822,1962785,567316,567957
"373",1549727,2339503,574580,574002
"375",1550755,2365504,576765,575789
"376",365984,1549755,576768,575804
"380",1090809,2366057,576759,576288
"383",1606959,2077629,576287,576759
"384",1116111,1606415,578550,576825
"385",978233,1115731,578549,578176
"387",2757890,2759204,580977,578330
"388",2757433,2757729,581438,581138
"389",1001988,2757202,582053,581667
"392",1729291,2733380,582407,582048
"394",1139455,2331507,583095,582961
"395",1001986,1139349,583098,582989
"397",618059,2506308,586104,584936
"399",613637,1141619,586104,585996
"401",618813,4537671,593542,586180
"403",801711,1183985,597105,595108
"408",4169731,4297354,597111,596981
"409",252996,4169604,597104,596983
"412",3902901,4824970,597130,597020
"413",95327,3902790,597104,597021
"415",671114,1349206,597082,597021
"418",323311,4364326,596980,597093
"420",4111959,4768947,596988,597098
"421",812528,4111850,596978,597098
"423",1846866,3193882,596979,597098
"425",116278,2981487,597021,597105
"427",1809622,2513589,597021,597105
"428",1690958,1809538,597042,597105
"430",3453576,3877192,597015,597106
"431",619191,3453484,601844,597107
"434",174705,4634915,602031,602025
"437",641493,639361,610060,605949
"438",643829,641053,612512,609620
"440",2925556,2924020,612287,610727
"441",649324,2924922,618016,611632
"444",655974,835604,624540,620082
"445",663379,655027,631999,623591
"448",4788333,4788509,631219,631094
"449",667879,4787883,636571,631672
"451",668994,4787267,637664,632379
"456",3971374,4382579,639608,639537
"457",95302,3971316,639607,639550
"460",812498,2928063,639538,639552
"462",116277,1846766,639550,639607
"466",255156,3877216,639513,639610
"468",691790,677312,655982,641382
"469",72378,679286,648061,643497
"470",70829,71015,649628,649424
"471",69951,70009,650542,650451
"472",69441,69902,651061,650591
"475",2079392,3836457,657334,657307
"476",1935770,2079317,657280,657409
"478",704762,4180500,669055,658943
"481",2004744,2004918,667980,667806
"482",705680,2004652,669907,668072
"486",719042,720332,677555,676696
"488",722214,721662,681408,678044
"489",719041,720321,680351,679478
"494",2040932,2462207,684847,684606
"495",961358,2040694,684857,684609
"497",481691,1312681,684850,684803
"499",732643,1071874,691818,684848
"502",738883,3217426,697302,696011
"505",738523,738445,696616,696426
"506",738083,738339,696617,696430
"509",738523,738640,696830,696664
"510",738200,738448,696939,696755
"512",738082,738126,696939,696756
"514",738324,738337,697134,696863
"516",749088,738939,707757,697513
"517",751312,740892,710112,699573
"520",765773,766338,720657,716720
"522",774714,3272822,729394,718350
"523",558316,765913,725509,720674
"526",781082,4837041,745868,741068
"528",2702742,2702978,741961,741719
"529",795829,2702148,747781,742558
"530",801344,793895,758562,745905
"532",240606,4584559,758533,757144
"535",805848,4822221,762810,758526
"536",807947,801713,765050,758672
"538",2304105,3425317,767406,767439
"539",812396,2304023,774325,767488
"541",1891846,1890383,772911,771448
"542",1892388,1891683,773481,772748
"543",1893044,1891949,774140,773042
"544",812959,1892819,774764,773915
"547",819364,3320169,780729,775718
"548",819141,819188,780631,780553
"551",368858,2532155,780616,780554
"554",2969863,2970063,780660,780729
"555",2532230,2969793,780918,780729
"556",2532034,2532075,780841,780765
"557",2531912,2531958,780840,780765
"558",291038,2531837,780827,780765
"561",2529124,4352936,780772,780772
"562",2529006,2529069,780772,780827
"563",819144,2528951,781227,780827
"566",368858,819399,780905,780843
"568",819629,819890,781016,780968
"572",2969861,2970063,780951,781016
"573",2532230,2969793,781222,781016
"574",2532035,2532075,781145,781068
"575",2531912,2531958,781143,781068
"576",291056,2531837,781147,781068
"579",2529020,4352936,781060,781075
"581",819481,2529069,781451,781130
"582",819272,819189,781660,781147
"584",368858,819399,781209,781147
"586",819637,819890,781328,781272
"588",819665,819736,781844,781272
"590",819060,2969793,781652,781320
"592",819143,2532155,781448,781369
"593",368858,819064,781431,781369
"595",2969863,2969927,781474,781444
"597",2532300,2970061,781723,781545
"598",818855,2532155,781654,781577
"600",368858,819064,781639,781577
"604",819510,819921,781844,781635
"606",824832,2532213,786694,781791
"609",841774,2811971,792232,786204
"613",801711,2928019,803447,803322
"615",252996,4297354,803446,803323
"617",3971401,4169605,803449,803326
"620",3902880,4824970,803453,803362
"621",1349292,3902790,803449,803363
"622",95327,1349206,803446,803363
"627",323304,4364326,803329,803435
"630",812493,4111850,803357,803440
"632",1846866,2981487,803321,803447
"633",1809622,1846739,803363,803448
"634",1690958,1809537,803384,803448
"635",116278,1690895,803363,803448
"638",3193957,4768938,803365,803449
"639",851706,3193873,807384,803449
"642",866456,1172287,815549,807866
"644",874138,869333,820633,815739
"649",2783402,3755152,831368,828461
"651",4123765,4124154,831766,831383
"652",890297,4123644,836207,831887
"653",891273,887063,838456,832975
"654",894668,890460,845524,837663
"655",897286,891421,848281,842275
"657",726980,2462153,846108,845760
"659",961348,2040745,846055,845868
"660",481690,961168,846057,845875
"662",1312725,2258461,846055,846009
"664",1304388,4451280,845973,846055
"666",906663,4061337,857590,846314
"668",1152730,2096464,856685,854974
"670",1152673,4837312,857477,856610
"671",908804,1152543,857551,857347
"672",910280,908734,859145,857481
"673",908744,908933,859948,857796
"675",911250,940389,859238,859821
"678",4324481,4331146,863641,863508
"679",923437,4323848,872800,864274
"683",1837145,3811748,868012,868140
"684",1836150,1836901,868894,868255
"686",925438,3812346,878601,872789
"689",699445,2136649,880873,881278
"691",941866,4773024,887399,883935
"692",908735,939791,886042,885326
"696",958810,1312697,900723,895466
"699",2466193,4595579,900490,900019
"700",962589,2466091,904539,900388
"701",958582,958903,902904,900866
"703",726937,4595578,903321,902431
"705",895056,2258405,903311,903209
"707",481703,2040831,903326,903210
"709",1015661,1312677,914860,903263
"711",1018032,2141211,918645,904787
"713",287646,1018689,920767,919310
"717",1027635,2802588,926076,925026
"719",1038534,1224703,934394,925846
"720",1039776,1030289,935674,926161
"726",1579224,4553777,941134,942874
"728",2662871,4554214,943429,943308
"729",1576864,2662405,940948,943889
"730",1573011,1573300,944816,944524
"731",1028098,1572930,945317,944897
"733",1052384,3960113,948642,945303
"734",1053422,1049389,951074,945653
"737",2786088,3406432,951454,951272
"738",1075410,2785919,971598,951285
"741",1084676,3810807,980787,968114
"744",1092984,1087078,989090,983030
"746",1549972,2365437,986166,985889
"747",365263,1549675,986177,985893
"750",365864,2078443,986793,986174
"755",1098196,2077553,990519,986999
"757",27470,1144017,1000847,990499
"760",3825860,4851099,999978,1000184
"761",1149870,3825601,1007684,1000237
"763",1791959,3611737,1007751,1007678
"765",1185078,4753702,1007829,1007681
"766",351626,1184985,1007828,1007737
"769",1153902,3960659,1011860,1007737
"773",1399710,3316840,1007678,1007827
"774",905671,1399551,1010602,1007835
"777",1171927,4837387,1029960,1011391
"782",1614892,3309892,1032151,1033897
"784",810139,1890362,1038350,1037711
"787",2201229,2199035,1044388,1042168
"790",1331111,4444020,1051242,1047849
"792",693032,3836426,1051581,1051448
"797",3831690,4855757,1060363,1057628
"799",1200013,4020242,1063871,1062366
"803",486219,1825558,1068452,1068081
"805",1185682,3272728,1070331,1068454
"808",1215210,1207597,1086097,1074920
"809",438924,1214009,1093884,1084895
"810",369822,438859,1094963,1093819
"814",1025957,3046817,1097108,1095503
"816",1025957,1224151,1097289,1096984
"817",1025957,1025834,1097470,1097163
"819",1025888,1027395,1097579,1097517
"822",1240422,1233004,1113339,1105811
"824",1254743,1710293,1127772,1110443
"825",436744,1240514,1114322,1113532
"827",1109532,2765555,1121254,1121254
"829",1268176,1254961,1141063,1127797
"832",746151,1274501,1158822,1146021
"834",746516,2896379,1159154,1158838
"837",1307589,1458235,1180334,1170110
"838",895080,1302578,1177030,1175327
"840",1033660,1312648,1177053,1177131
"842",1309551,3738230,1183643,1177155
"844",481697,1311201,1185162,1183629
"847",2258522,3738277,1185168,1185098
"848",895058,2258462,1185155,1185108
"850",1304386,2040887,1185073,1185108
"851",950222,1304306,1184963,1185153
"856",2852021,2914850,1209605,1209690
"857",1961809,2851469,1210090,1210157
"858",1325690,1961688,1211631,1210211
"861",1913902,2256376,1224277,1214051
"862",976176,1911952,1226919,1226215
"864",1911972,2758268,1227703,1227523
"866",1909073,2079892,1232468,1232454
"867",1901540,1901604,1240340,1239950
"868",1898646,1898750,1243161,1243128
"870",3776550,3777134,1246442,1245858
"871",1896752,3775970,1245715,1247028
"872",1883001,1895195,1256631,1247272
"873",1877479,1877608,1262042,1262028
"874",360622,1875994,1265770,1263530
"876",1875897,3200991,1263525,1265813
"878",467531,3808104,1269086,1269088
"880",467531,3808104,1269621,1269623
"882",1870353,3808104,1270749,1270158
"883",1868674,1868749,1273248,1272356
"884",1660574,1868323,1279332,1273599
"887",1868004,2928021,1273908,1279354
"888",1665939,1862542,1285118,1279357
"889",1667341,1660675,1286526,1279851
"891",1853124,1855450,1286702,1286574
"893",1852825,1853000,1286886,1287005
"898",1852825,4360130,1287064,1287328
"903",1853118,4360130,1287361,1287622
"905",161375,2031683,1288687,1288671
"907",1853473,2179368,1286702,1291954
"908",1846675,1847174,1293473,1293031
"909",1845807,1846009,1295445,1294138
"910",1773333,1842004,1301471,1299245
"911",918828,1773227,1305481,1301578
"914",919722,3811746,1306488,1305376
"916",1834691,1835591,1306821,1306802
"917",1832512,1832565,1310565,1308948
"918",1828722,1829183,1313829,1313781
"919",1592226,1827892,1315883,1314659
"920",1206346,1592074,1315893,1316035
"922",1825000,1825464,1316494,1316129
"923",1816713,1816780,1326818,1324718
"924",1809510,1809738,1333726,1333702
"925",1796280,1796666,1346978,1346609
"926",1793668,1794090,1349563,1349147
"928",1788966,3812030,1351828,1353335
"930",812530,2145906,1362642,1357896
"931",252999,812403,1362513,1362515
"933",2974125,4382554,1362515,1362636
"935",2928145,3971274,1362514,1362640
"936",503983,2928019,1362514,1362640
"940",2942543,3289441,1366493,1363209
"942",1783567,4213547,1366934,1367589
"944",950069,4450968,1381260,1380911
"946",1780357,3723941,1384083,1381446
"948",1840071,1840848,1394377,1393606
"949",1773691,1839880,1393145,1394568
"950",1757776,1771995,1394918,1394842
"951",1756605,1756755,1397289,1395939
"952",1753420,1753653,1405964,1400246
"953",886082,1752846,1409998,1406538
"956",1748244,1748287,1411013,1410885
"957",1102915,1747053,1416013,1412204
"959",1966734,2772223,1415951,1416013
"960",1104158,1966453,1417405,1416232
"962",1107941,2770980,1422691,1417405
"964",1116110,2767146,1423622,1422691
"965",978233,1115731,1423622,1423249
"967",1136819,2759204,1429392,1423403
"968",999701,1136452,1429680,1429025
"970",1138677,2736755,1432075,1429392
"971",1001204,1138330,1432074,1431728
"973",1139455,2734963,1432946,1432075
"974",1001988,1138816,1432951,1432313
"976",2733916,2734725,1432410,1432412
"977",1963956,2733380,1432516,1432946
"978",1746563,1963519,1435187,1432946
"979",1550810,1746054,1436894,1435696
"981",1607461,2365443,1435844,1435760
"982",365363,1607411,1436191,1435894
"983",365978,365187,1436836,1436006
"985",1090869,2366057,1436893,1436365
"988",1656261,2077568,1435760,1436894
"992",81565,3868949,1464522,1448090
"994",3630656,3630574,1466644,1466268
"995",3630639,3630472,1466921,1466460
"996",3635021,3630472,1474009,1466754
"997",1736027,3633723,1482270,1472717
"998",1731289,1731342,1487216,1486955
"999",1369260,1730557,1490285,1487948
"1001",1729740,1729823,1491441,1491432
"1003",3746352,4790898,1494007,1493310
"1004",3381269,3745667,1493604,1493322
"1005",1751806,3381169,1493599,1493704
"1007",3315133,3383055,1493340,1493744
"1008",2015616,3314474,1493301,1493999
"1009",1717635,2014910,1492350,1494007
"1010",1714683,1714810,1495207,1495156
"1011",1237298,1713257,1497817,1496633
"1013",1701494,1709808,1499025,1498530
"1014",1698209,1698370,1502454,1502150
"1015",1697432,1697511,1504954,1503153
"1016",1693620,1693649,1508849,1508732
"1017",1689904,1693322,1509924,1509147
"1018",1304386,1688426,1513299,1511395
"1020",1313042,3723935,1512902,1513448
"1022",1688274,3868928,1515562,1516095
"1023",1679557,1686266,1517638,1517558
"1024",1678172,1678345,1518986,1518846
"1025",1676033,1677062,1520960,1520097
"1026",174303,1672565,1525479,1524388
"1029",1669128,1670674,1534117,1525955
"1031",1856722,4692451,1537168,1534918
"1034",1668331,1862566,1534974,1542694
"1035",1550811,1659165,1546030,1544104
"1037",1090704,2366343,1545866,1545792
"1041",1655421,2077619,1545780,1545978
"1043",1654641,4243214,1546295,1551979
"1044",1648799,1648902,1552833,1551987
"1045",1647535,1647752,1553944,1553878
"1046",1644706,1645077,1556587,1556389
"1048",919737,2321426,1557365,1557616
"1051",918705,3811764,1558449,1558449
"1054",3957457,4172710,1592836,1580525
"1055",3957122,3957316,1593186,1592977
"1058",1605067,4289105,1608141,1606995
"1059",1603924,1604135,1611971,1609072
"1060",1600176,1600245,1616944,1615639
"1061",1598028,1598190,1619023,1618908
"1062",1596700,1597092,1620269,1619959
"1063",1595571,1595832,1621362,1621137
"1064",1594166,1594553,1622646,1622380
"1065",1593680,1593850,1624147,1622955
"1066",1592798,1593259,1624878,1624569
"1069",1591716,3298061,1625348,1630287
"1070",1585878,1586084,1631049,1630898
"1073",1139455,2734725,1634350,1634884
"1074",1001988,1138761,1634345,1635038
"1076",1138664,2734976,1635273,1635273
"1077",1001216,1138155,1635249,1635791
"1079",1935736,2079074,1638644,1638304
"1080",693104,1935559,1638475,1638467
"1082",1935771,1965532,1641567,1639049
"1084",693026,2079325,1641440,1641442
"1086",1331083,3836439,1641816,1641554
"1089",1747251,4691815,1652660,1645498
"1090",1098476,1747053,1652460,1652462
"1092",1584637,3246695,1652747,1654897
"1093",1582125,1582148,1655348,1655242
"1094",1581566,1581800,1655889,1655673
"1095",1047758,1579602,1660488,1657815
"1097",1468950,4552164,1658400,1658332
"1100",4554296,4552630,1660482,1658813
"1101",1576688,4554214,1658213,1660400
"1102",1046906,1574425,1662108,1660488
"1104",2664960,4552145,1660884,1660809
"1106",1048891,4552864,1664099,1661531
"1108",1579238,4553941,1660705,1662605
"1110",1579509,2662393,1657956,1663477
"1112",1568391,2533169,1665275,1669495
"1114",1562425,3750247,1671256,1674588
"1115",1558623,1558804,1674972,1674941
"1116",1554074,1554224,1679409,1679371
"1117",1552482,1552478,1681695,1681007
"1118",1547707,1551297,1682881,1682882
"1120",1543854,4545399,1686708,1686765
"1121",1539083,1539200,1700725,1691361
"1122",1538536,1538723,1702191,1701087
"1123",1536227,1536340,1704496,1704351
"1124",1531749,1536046,1708575,1704678
"1134",1130316,3762411,1724391,1713587
"1136",1511629,1511720,1733749,1728976
"1137",732765,1509413,1736062,1735959
"1139",1509359,4097384,1737430,1738681
"1140",1501724,1501960,1746434,1744832
"1143",290870,4352747,1746596,1746522
"1147",1501885,4105289,1746360,1746522
"1150",2138499,3612193,1750768,1746941
"1152",1474021,4518465,1754940,1750763
"1154",1461624,1983314,1755412,1756517
"1156",1459269,3136532,1757445,1759935
"1157",1450519,1452181,1764675,1764519
"1161",801693,4722006,1768793,1768897
"1163",1446415,2634097,1768898,1768900
"1164",1444164,1444305,1771070,1770970
"1165",85892,1443006,1777958,1772226
"1167",89291,1435624,1780212,1779425
"1168",92032,88684,1782975,1779617
"1171",2812062,2812211,1788912,1788763
"1172",1435397,2811969,1779483,1789005
"1173",1422483,1423000,1792268,1791818
"1175",1419375,3611735,1795246,1798982
"1177",2589383,4753702,1798984,1798987
"1178",906940,2589325,1799138,1799041
"1180",351624,3960663,1799132,1799047
"1185",2589258,3316841,1799047,1799132
"1186",1415617,2589165,1799150,1799139
"1188",1407073,1450619,1805321,1812236
"1189",1399974,1400074,1813420,1812326
"1190",1399436,1399716,1813796,1813679
"1191",1397045,1397145,1816411,1816097
"1192",1390064,1390119,1823449,1823285
"1194",1389118,3618529,1825058,1830847
"1196",732717,3614846,1843759,1843720
"1199",1378578,1378603,1845030,1843744
"1200",1372821,1372910,1850853,1850693
"1201",1370744,1371134,1861715,1852524
"1202",1368375,1368642,1863834,1863818
"1203",1367375,1367474,1864782,1864734
"1204",1364936,1366560,1865725,1865597
"1205",1359784,1360441,1872035,1870216
"1206",1357448,1357741,1874308,1874068
"1207",1354778,1354928,1876915,1876832
"1208",1353633,1354435,1878764,1877258
"1209",1351953,1353046,1879403,1879349
"1211",371063,1914027,1894433,1886869
"1215",2293267,3122120,1897716,1896933
"1217",2204010,3405010,1900900,1898284
"1218",634815,2203340,1904226,1901570
"1221",693118,2079238,1907232,1907239
"1227",1983919,1974086,1939091,1929065
"1228",1460519,1974830,1938486,1930042
"1230",1990753,1983966,1946043,1939196
"1232",1558787,1992613,1948739,1946237
"1234",252996,3971274,1948738,1948614
"1236",565854,4215476,1948731,1948628
"1237",95327,565773,1948738,1948650
"1239",3092666,3626556,1948610,1948692
"1241",2513673,4768947,1948655,1948732
"1242",1809622,2513589,1948655,1948739
"1243",323301,1809538,1948624,1948739
"1246",2004394,3830330,1961855,1954591
"1249",1716622,3039826,1970150,1964383
"1252",1751810,3314505,1969895,1969522
"1254",3381269,3383056,1969886,1969747
"1256",3746317,4790940,1969518,1970138
"1257",2016457,3745685,1972731,1970150
"1258",1716631,2014870,1971860,1971144
"1260",1751810,3314474,1971596,1971192
"1262",3381269,3383056,1971587,1971448
"1264",3746352,4790905,1971184,1971874
"1265",2022349,3745567,1978474,1971969
"1266",2025905,2016653,1982798,1972835
"1269",2027744,2286314,1987429,1984917
"1272",161375,2029258,1990967,1988588
"1276",4596727,4596882,1992042,1992119
"1277",866414,4596650,1994012,1992119
"1280",726924,2040611,1997379,1997061
"1282",895053,2462252,1997379,1997186
"1285",481685,4060957,1997379,1997285
"1289",2047904,4692452,2002359,2002002
"1290",2049148,2047656,2003609,2002108
"1292",2049611,2914263,2004081,2003119
"1293",2051187,2049478,2005670,2003948
"1294",2055254,2050210,2009729,2004677
"1295",1142255,2051673,2009779,2006162
"1297",1496747,2056009,2017676,2012701
"1302",1655705,2077348,2034580,2033820
"1303",1606959,1655218,2034580,2034096
"1304",365975,1606463,2034111,2034096
"1306",1090876,2366059,2034043,2034577
"1308",1607463,1655833,2035161,2034770
"1309",365252,1607378,2034929,2035076
"1312",1550810,2365439,2034050,2035247
"1313",1182993,1549669,2037504,2035250
"1316",1346489,3548098,2042027,2039478
"1320",2094260,2095973,2044525,2044525
"1322",2092614,2649950,2055208,2046020
"1324",2096073,4752601,2059930,2057639
"1325",2083329,2094009,2058022,2057879
"1327",2084444,2095970,2057879,2058129
"1328",2083328,2084189,2059930,2058132
"1331",2083934,2094157,2061933,2059930
"1332",2084298,2083868,2062339,2061865
"1333",2083328,2084104,2062339,2062145
"1335",2094261,2095973,2062235,2062236
"1337",904748,2096318,2063263,2062416
"1340",2137279,2134149,2082633,2079456
"1341",698963,2135413,2081928,2080803
"1343",2149332,2144300,2089203,2082792
"1344",2150516,2145825,2091093,2085702
"1346",2160788,2150601,2101289,2091081
"1349",1848710,4131841,2114316,2112902
"1352",2165271,2185574,2124490,2120162
"1353",1928045,2164448,2137917,2123655
"1355",2208294,4837044,2143042,2139696
"1357",2211513,2208516,2146576,2143252
"1358",2213843,2209832,2149026,2144904
"1359",2214079,2211522,2153488,2146705
"1360",2225258,2213839,2164997,2153242
"1362",2221680,2219728,2158337,2156370
"1363",2217029,2221211,2159865,2157868
"1364",396008,2216619,2159414,2159453
"1368",2231228,4844497,2167212,2164558
"1371",2911873,3046810,2171428,2170163
"1373",1962862,3431765,2171428,2170170
"1375",369822,3047065,2170710,2171392
"1377",3423452,3426839,2176358,2176311
"1378",2240260,3422629,2182818,2177180
"1379",2241969,2234965,2185428,2177512
"1381",2242626,3183784,2187358,2185525
"1383",2247777,2243594,2192373,2188163
"1385",2252471,2248465,2211686,2193059
"1387",1475958,2253249,2214899,2211748
"1390",481703,2553225,2217020,2216911
"1392",950069,1312698,2216968,2216978
"1395",2270404,2263677,2228899,2222124
"1397",2271704,2270525,2230425,2228925
"1399",2286502,2277847,2239309,2230549
"1401",4092748,4093270,2238603,2238072
"1402",2287703,4092526,2240439,2238825
"1405",2298751,3170756,2246978,2241536
"1407",2303524,4348521,2251705,2246340
"1409",2308904,4837049,2265044,2252795
"1412",3424556,4328408,2260959,2261091
"1413",2311299,3424424,2266025,2261091
"1415",1587333,3245714,2267518,2266366
"1417",3245487,3297786,2266593,2266605
"1418",2314303,3244924,2270616,2267156
"1420",918729,2314550,2276892,2270720
"1423",1837508,3811735,2277218,2276897
"1427",3820476,4141263,2286220,2286210
"1428",1142520,3820407,2286253,2286289
"1430",2354767,2346664,2298741,2290463
"1433",2360522,4520305,2304362,2294444
"1434",2367070,2354891,2313241,2298740
"1435",1549972,2360749,2311930,2306961
"1436",1090063,1549675,2311931,2311645
"1437",365252,1089847,2311930,2311715
"1439",365977,2078451,2312691,2311930
"1444",1656262,2077578,2311645,2312740
"1446",2373648,2367229,2319931,2313410
"1448",2704935,4027762,2322366,2318491
"1450",2984251,4390425,2322374,2322464
"1452",416863,4213313,2322463,2322834
"1454",2376423,3179680,2339496,2327268
"1456",2381025,3338643,2340276,2338852
"1458",2383771,4837045,2347239,2340308
"1459",2385180,2381382,2348766,2344848
"1463",3667732,4773748,2357698,2356890
"1464",538718,3666947,2357054,2356913
"1466",2402443,3966929,2364397,2357553
"1467",1193885,2396077,2358121,2358079
"1471",616548,2403783,2367913,2365730
"1473",2423127,3397008,2385422,2380817
"1474",2427350,2421698,2393044,2384017
"1478",2453096,3409262,2418597,2414197
"1480",2462077,2458440,2422599,2418657
"1482",3667698,3966820,2422779,2422784
"1484",2464338,4773746,2425946,2423555
"1485",2040932,2462131,2424053,2423736
"1486",726936,2040742,2424062,2423863
"1488",572498,894869,2423957,2423866
"1491",2465189,2465518,2427707,2426013
"1494",4671924,4671283,2439676,2439035
"1495",2491993,4671861,2443761,2439613
"1497",2497311,4837048,2449157,2443870
"1498",234710,2492067,2451604,2443913
"1499",233834,234134,2452473,2452171
"1501",2505903,2497415,2466388,2456331
"1503",617723,4426059,2467854,2469077
"1506",2964138,4001953,2480993,2476710
"1507",2962739,2963022,2482399,2482109
"1508",2514054,2962532,2495306,2482606
"1512",1702026,4325256,2505334,2502758
"1515",2526506,2523214,2514245,2510882
"1516",2532300,2523724,2521399,2511470
"1519",819047,2531844,2518054,2518109
"1524",819047,2532082,2518169,2518224
"1526",819060,2531958,2521006,2520931
"1528",291054,2532075,2521009,2520931
"1531",2529124,4352936,2520938,2520938
"1532",2529006,2529069,2520938,2520993
"1534",819062,2531837,2521128,2521051
"1535",291038,818985,2521113,2521051
"1538",2529006,4352936,2521058,2521058
"1539",819141,2528951,2521330,2521113
"1541",291038,2531837,2521235,2521173
"1544",2529124,4352936,2521058,2521180
"1546",819675,2529069,2521530,2521235
"1547",819272,819399,2521336,2521253
"1548",818855,819189,2521330,2521253
"1549",368858,818778,2521315,2521253
"1554",819520,2532213,2521530,2521467
"1557",2552421,3271990,2532553,2523450
"1558",747027,2552333,2536166,2532641
"1561",2552563,2550606,2539584,2537342
"1562",2556557,2551651,2543644,2538672
"1563",2258525,2552577,2540424,2539663
"1564",1569268,2258409,2540423,2540308
"1565",566918,1569157,2540365,2540312
"1567",2287799,4273834,2543731,2543172
"1569",1483442,3316853,2543731,2543653
"1570",1399690,1483363,2543771,2543653
"1573",3566192,4042393,2543772,2543658
"1575",1185063,3960659,2543653,2543731
"1576",906922,1184985,2543653,2543731
"1577",351612,906844,2543653,2543731
"1581",1327997,3316994,2543658,2543733
"1583",3960596,4753719,2543733,2543771
"1584",906781,3960558,2543733,2543771
"1585",351471,906743,2543733,2543771
"1588",460742,3611755,2543657,2543772
"1592",2589152,2716771,2549386,2546474
"1593",2562106,2587997,2554126,2548231
"1595",2568631,3141762,2558698,2552803
"1596",2571278,2564065,2568135,2554135
"1597",2575113,2568624,2572064,2565481
"1598",2128435,2571377,2568592,2568331
"1599",2127074,2128334,2570904,2568694
"1601",2130896,2575217,2575572,2572165
"1603",8594,2579978,2579592,2576097
"1605",2587723,3236454,2583537,2581566
"1608",2990497,3499236,2585360,2584739
"1609",1865483,2990368,2586845,2585231
"1611",2216356,3562273,2588418,2587595
"1612",395862,2216294,2588787,2588355
"1615",2606105,2597297,2600944,2591210
"1617",2998566,2998664,2601625,2601518
"1618",2996262,2998489,2604153,2601702
"1619",2428821,2995823,2605465,2604589
"1621",2994334,2994444,2609714,2609652
"1622",2993237,2993625,2610799,2610423
"1625",416761,4390328,2613202,2613007
"1627",2704931,4213503,2613010,2613284
"1629",1057840,2983804,2614386,2613461
"1631",2612726,2606718,2620932,2614836
"1633",2526839,2612994,2627012,2621117
"1635",2627407,2621174,2635560,2629253
"1640",1846857,3877194,2656527,2656411
"1641",116278,1846747,2656494,2656417
"1646",3453592,4364333,2656516,2656429
"1648",2680637,3626552,2659551,2656453
"1650",1349283,3902790,2656417,2656494
"1651",95321,1349206,2656417,2656494
"1655",4513617,4824944,2656411,2656521
"1656",252998,4513500,2656409,2656521
"1658",355981,3971282,2656415,2656527
"1661",12816,4297355,2657721,2656533
"1663",12290,723595,2658211,2658213
"1666",2683577,3136605,2662284,2660930
"1669",2686193,4521569,2665173,2662576
"1671",2696451,2691026,2687027,2665388
"1673",520855,2703663,2687077,2687074
"1674",416746,520541,2688119,2687391
"1678",1399722,4792602,2689680,2688208
"1683",351628,4042388,2689515,2689530
"1685",906936,3960664,2689518,2689604
"1689",2287919,3316994,2689667,2689611
"1691",906781,3960558,2689611,2689649
"1693",351471,1184869,2689611,2689663
"1695",3611887,4753700,2689518,2689667
"1696",2707904,3611737,2691397,2689668
"1701",2728579,2721619,2707133,2699593
"1704",886094,2777339,2713407,2707347
"1706",1055278,2784242,2716248,2714411
"1708",2795622,3406444,2725695,2716078
"1713",4201439,4356367,2726051,2726194
"1714",294645,4201296,2726062,2726194
"1716",2799110,4399788,2728632,2726197
"1720",294383,4397870,2726228,2728010
"1722",3570382,4199375,2729446,2728010
"1723",2800033,3568902,2729444,2728016
"1724",292503,2799225,2728016,2728645
"1726",4199286,4353065,2728016,2729297
"1727",291773,4197994,2728645,2729297
"1730",2809417,4396301,2738905,2729446
"1733",290769,4394465,2729567,2731366
"1737",313280,4350788,2732126,2731499
"1739",1023578,1024253,2733314,2732279
"1741",1425986,2810355,2740686,2738959
"1742",1426180,1425874,2740880,2740574
"1743",824511,1426103,2740408,2740803
"1745",2817091,2813087,2746389,2741977
"1747",460739,2817152,2746319,2746389
"1749",2825404,3611763,2753935,2746423
"1753",2879337,2877958,2757326,2755911
"1755",369823,3922821,2783375,2776727
"1757",2844371,2911154,2783543,2783375
"1759",2942873,3379001,2794011,2785840
"1761",2946861,4775115,2798031,2792008
"1763",1847630,2947218,2798148,2798084
"1766",2964508,2951742,2814157,2800608
"1772",2970081,2970474,2818216,2817783
"1773",2970274,2969792,2818550,2817923
"1774",819366,2969692,2817922,2817956
"1776",2974022,2970335,2822032,2818058
"1777",2970004,2970196,2818550,2818197
"1778",2969811,2969792,2818491,2818338
"1779",819366,2969692,2818337,2818371
"1783",2890981,2976982,2827239,2824498
"1786",2704955,3481109,2831683,2829939
"1788",2990809,4822237,2838246,2835128
"1790",2288420,3854165,2838538,2837776
"1793",2532388,3210342,2842421,2842016
"1794",820087,2532307,2842430,2842503
"1797",3003482,3307626,2854263,2850840
"1799",2984259,3003664,2855546,2854300
"1800",2704910,2983779,2855571,2856026
"1802",3049074,3050311,2860063,2857119
"1803",3049430,3048805,2860419,2859794
"1807",3096356,3197598,2878560,2867619
"1808",3077778,3095500,2878461,2877701
"1810",3077539,3077569,2878466,2877884
"1813",3078147,3092712,2904285,2891994
"1815",3095711,3095498,2904407,2904011
"1816",3078147,3095318,2904224,2904014
"1818",3101397,3096556,2910681,2904746
"1822",3113222,3111919,2919364,2918061
"1823",3111363,3113023,2920233,2919165
"1827",3410734,3411214,2928860,2928383
"1828",1924727,3410070,2930924,2929479
"1831",3137592,3405007,2944973,2930931
"1832",1456942,3123618,2944082,2931016
"1834",3141247,3138803,2947574,2944996
"1837",3159833,3458500,2966178,2947466
"1839",3141144,3458503,2947687,2947573
"1842",2560789,4601465,2948159,2947918
"1845",1927671,3164214,2970809,2970376
"1848",3171622,3325660,2977597,2971926
"1849",2288936,3166690,2976800,2972673
"1852",3180933,3253411,2985688,2982089
"1855",3198371,3958703,2999936,2988761
"1856",3066791,3197422,2999396,2998984
"1858",416743,4213313,3004688,3004434
"1860",716028,3005007,3004480,3004808
"1863",4507494,4708941,3028487,3011840
"1864",2589865,4506191,3029271,3027184
"1865",2590875,2589644,3030281,3029050
"1867",3207896,3499221,3042291,3030211
"1868",1873768,3198606,3035585,3033073
"1873",736991,3215173,3051378,3049160
"1875",3226698,3218467,3060850,3052342
"1876",3228329,3225541,3068914,3059700
"1879",3230618,4313705,3071271,3069231
"1881",2928144,4382546,3071396,3071267
"1883",2634223,4297351,3071396,3071269
"1885",801715,3971274,3071400,3071271
"1887",252996,4169604,3071395,3071274
"1889",3902874,4824970,3071396,3071311
"1890",95327,3902790,3071395,3071312
"1892",671114,1349206,3071373,3071312
"1895",323311,4364326,3071271,3071384
"1897",4111959,4768947,3071279,3071389
"1898",812493,4111850,3071306,3071389
"1900",1846865,3193882,3071271,3071389
"1902",116278,2981487,3071312,3071396
"1904",1809622,2513589,3071312,3071396
"1905",1690958,1809538,3071333,3071396
"1907",3453576,3877192,3071306,3071397
"1908",3233136,3453484,3073904,3071398
"1910",3876196,4293578,3077927,3075533
"1911",3239418,3875321,3082671,3078802
"1912",2585472,3236345,3079660,3079600
"1913",1064796,2583503,3082643,3081629
"1918",3177127,4660014,3088356,3089107
"1921",3267476,3259989,3101665,3094143
"1923",3276223,3770571,3110443,3100276
"1924",2534523,3267482,3105994,3101804
"1925",765294,2533739,3108896,3106778
"1928",3887558,4566538,3119609,3110483
"1929",3759992,3886122,3134872,3121069
"1930",3305289,3758420,3139586,3136448
"1932",3001276,3307201,3139771,3139715
"1933",1613735,3001215,3142968,3139832
"1938",3326233,3318539,3157450,3149621
"1939",813993,3319577,3151410,3150818
"1941",3331178,3395300,3161212,3153669
"1943",2375833,3334477,3165465,3161267
"1944",2376255,2375778,3165890,3165410
"1946",3343822,3340253,3173441,3169283
"1950",3354221,4040889,3183669,3175028
"1952",3359177,4618701,3185076,3180753
"1953",3362474,3357851,3194900,3183813
"1954",2214063,3359313,3194702,3191738
"1957",3372560,3366997,3205302,3199660
"1958",377522,3370571,3205433,3203314
"1961",3374365,3522315,3211089,3207908
"1965",3380005,4459942,3216573,3214874
"1966",3380808,3378373,3217405,3214968
"1968",1716367,3382755,3218005,3217556
"1972",1751822,3381160,3218017,3217887
"1975",3386102,4791129,3220890,3218059
"1976",859363,3384609,3220292,3219398
"1978",3390085,3386143,3236468,3231554
"1980",3394751,3390218,3241195,3236533
"1981",3300201,3393318,3243453,3239762
"1982",3295544,3298907,3245406,3244741
"1983",3294748,3295254,3246190,3245696
"1985",3247577,4761190,3246928,3246787
"1987",3322968,3394892,3248419,3247471
"1989",3399691,3399523,3252994,3252221
"1992",3809107,4692452,3257807,3255251
"1993",2293267,3809018,3258865,3257896
"1994",2294033,2292727,3259634,3258325
"1995",1924730,2293980,3258298,3259581
"1998",3414006,4703039,3267659,3259730
"1999",1057330,3406430,3262361,3260122
"2001",2448682,2785918,3262938,3260136
"2004",3414755,3414668,3270264,3269846
"2005",3414647,3414355,3270264,3269877
"2008",3414415,3414594,3270264,3269884
"2009",3414299,3414090,3270264,3269953
"2010",3110462,3414090,3271771,3270066
"2011",587123,3109431,3271346,3270740
"2015",3423440,3426950,3283978,3279044
"2016",607080,3422601,3289855,3283139
"2018",206843,3825604,3289618,3289847
"2021",3442154,4837047,3303366,3296996
"2025",3141143,3453610,3318210,3313342
"2028",2982663,3461715,3341547,3322036
"2031",2372164,3488887,3352157,3349081
"2035",1218915,3504466,3370997,3369036
"2038",691159,3508129,3375477,3372693
"2042",245610,3513548,3381792,3378876
"2044",3516105,3517438,3382849,3381343
"2045",245249,3515922,3382849,3382666
"2049",3535821,3529951,3392054,3386175
"2050",3547986,3534350,3404459,3390583
"2054",3565352,4409509,3418112,3410538
"2055",2595142,3560078,3416528,3412853
"2056",2596735,2593647,3418127,3415033
"2057",394128,2595784,3417938,3417173
"2061",895236,3565605,3422697,3418373
"2064",726952,2462342,3422852,3422983
"2069",4201478,4399914,3423429,3423370
"2070",2796570,4201419,3423551,3423370
"2072",3566631,3566865,3423366,3423418
"2075",294643,4356365,3423418,3423550
"2077",4105241,4399788,3423412,3423551
"2079",2796570,4360410,3423796,3423657
"2081",294644,3566620,3423662,3423663
"2083",4201426,4356367,3423663,3423793
"2085",2799110,4399788,3426231,3423796
"2089",294383,4397870,3423827,3425609
"2091",3570194,4199375,3426896,3425609
"2092",2799886,3568902,3426896,3425615
"2093",292503,2799225,3425615,3426244
"2095",4103198,4396489,3425615,3426896
"2096",2531915,4101906,3426955,3426896
"2098",2532020,2532082,3426971,3427026
"2099",819047,2531965,3426971,3427026
"2101",4199286,4352908,3425615,3427056
"2102",291773,4197837,3426244,3427056
"2105",4197751,4350921,3427071,3428974
"2106",4101722,4195850,3427172,3428974
"2107",290873,4099923,3427069,3428974
"2109",3581753,4394374,3438453,3429065
"2110",3598174,3581711,3467045,3438495
"2111",3604705,3597390,3476551,3466265
"2113",3606159,4360604,3477891,3471328
"2115",99625,3606311,3479766,3477903
"2117",906529,3609722,3481915,3481179
"2120",1383101,3612730,3489264,3483249
"2121",598863,1382209,3492111,3490154
"2124",3639592,3635930,3515979,3499446
"2129",3654368,3645778,3530653,3521997
"2132",4024963,4855757,3536279,3536249
"2133",3449482,4024892,3539372,3536350
"2135",538736,3663591,3543299,3539866
"2137",3676442,3966839,3552613,3543903
"2139",4726218,4726541,3547453,3547130
"2140",3699733,4725877,3550895,3547794
"2141",3679601,3699260,3555786,3550422
"2146",3674731,3698870,3564958,3564092
"2147",3675415,3674256,3565651,3564483
"2148",3676129,3675191,3566374,3565427
"2150",3713211,3708629,3578774,3573776
"2151",3671342,3710143,3576097,3575706
"2153",1536713,3713292,3580470,3578950
"2156",481688,3720464,3588778,3585083
"2159",3734307,4450977,3598367,3589081
"2161",3272765,3734501,3598461,3596450
"2163",3733438,3734501,3599594,3598554
"2165",3377653,3735872,3600515,3599875
"2166",1312728,3377613,3602339,3600555
"2167",1304400,1312670,3602242,3602281
"2168",1020208,1304306,3602286,3602336
"2169",558304,1020155,3608320,3602339
"2171",1559150,3746517,3612547,3608759
"2173",1837153,3814924,3617415,3614705
"2175",339894,3751255,3622913,3618492
"2177",3759983,3751818,3639132,3625663
"2178",3761290,3757084,3640546,3636229
"2179",3763067,3760098,3642318,3639330
"2180",1527868,3761550,3640928,3640798
"2183",533135,3767621,3659697,3645360
"2186",395871,3562272,3661597,3660413
"2188",394230,2595780,3663211,3662547
"2191",3777223,4018617,3671241,3667809
"2192",1896137,3775459,3670680,3669490
"2196",3784376,3780625,3676110,3672337
"2197",3539828,3782832,3676177,3674565
"2199",3793800,3784381,3685698,3676261
"2202",467395,3797402,3700038,3689140
"2205",1836152,3810345,3702402,3701870
"2206",1071912,1835906,3702348,3702156
"2208",1837145,1836434,3703401,3702681
"2209",918897,1837015,3703097,3703271
"2211",923439,2320566,3703858,3703446
"2214",2330832,3820244,3708614,3708452
"2216",3833458,4141263,3717199,3708693
"2218",2482902,3833677,3717986,3717300
"2219",693114,2482854,3720251,3718034
"2221",1935735,2079325,3720073,3720161
"2224",3847925,3839709,3730902,3722271
"2225",2285261,3844913,3733421,3727917
"2227",3849305,4094356,3736132,3734686
"2228",3853976,3848151,3740949,3734978
"2229",3857097,3849389,3744191,3736351
"2230",2990668,3854038,3741582,3741128
"2233",3333356,3858189,3745021,3744309
"2235",117936,4628158,3750086,3749285
"2237",3869607,3864825,3756606,3750817
"2239",3874832,3870633,3761992,3756676
"2240",3877171,3870754,3774185,3757922
"2241",3880011,3874937,3777027,3771952
"2243",3890055,3885695,3781679,3777184
"2245",3902607,3894120,3790294,3781743
"2247",3908186,3902882,3796868,3790320
"2250",3912728,3911779,3802280,3800280
"2252",3928387,3914669,3817542,3803199
"2254",1299696,3930470,3826901,3818802
"2256",3944463,3939812,3832156,3827452
"2258",173198,3944672,3835911,3832315
"2260",2308906,3952092,3838139,3836394
"2262",286254,3965643,3839906,3838198
"2267",3991219,4057755,3850802,3842470
"2269",137217,3995623,3851414,3850802
"2271",3998580,4109160,3853689,3852559
"2275",2896466,4006366,3862640,3855590
"2278",4035134,4029213,3877037,3870438
"2280",3344620,4038855,3878867,3877705
"2281",3345650,3344517,3879903,3878764
"2284",3445886,4048212,3890375,3886827
"2285",3445176,3445706,3891094,3890555
"2287",4061531,4053984,3908384,3891516
"2288",2040932,4060012,3907907,3906865
"2290",4063476,4450976,3910424,3908250
"2295",2285276,4089578,3934953,3931300
"2297",1508944,3170625,3938228,3938228
"2301",290764,4394465,3943393,3941599
"2304",291773,4353065,3944243,3943582
"2311",294383,4397870,3946660,3944878
"2313",2799110,4199375,3944256,3944878
"2315",294645,4399788,3946826,3946691
"2318",294905,4356367,3946949,3946694
"2322",304343,3566614,3946948,3946830
"2327",4119232,4290219,3959820,3956917
"2328",4125165,4116330,3966090,3956937
"2330",4157372,4156276,3962499,3961394
"2331",886605,4157190,3964577,3962320
"2334",2178385,4127056,3972722,3967901
"2336",2176536,4132844,3973611,3974330
"2338",4810716,4810861,3982605,3982692
"2340",2330831,4810747,3982812,3982692
"2345",4121489,4151684,3999715,3994188
"2347",671111,4157872,4013003,4001127
"2349",4180331,4576801,4021898,4012951
"2352",227748,4187957,4027341,4027235
"2356",4101722,4188134,4037121,4027606
"2358",290873,4350782,4037224,4035183
"2360",2801992,4394465,4035201,4035322
"2364",291773,4352908,4038058,4037237
"2366",819047,2531844,4037322,4037267
"2369",2529016,2532082,4037257,4037267
"2372",292503,4396489,4038687,4037397
"2378",294383,4397878,4040477,4038699
"2380",2799110,4199383,4038071,4038699
"2382",4204822,4399788,4044044,4040508
"2384",294787,4356367,4040816,4040511
"2386",3566469,3566865,4040624,4040641
"2387",2796570,3566418,4040508,4040675
"2390",4212543,4204884,4053417,4045716
"2392",4215438,4210361,4056452,4051280
"2393",2984119,4212634,4054653,4053647
"2394",1776863,2983769,4054597,4054303
"2396",4219236,4390457,4060259,4054663
"2399",4227106,4227406,4067100,4064568
"2401",4231587,4230799,4070362,4069536
"2402",4236465,4231103,4075379,4069878
"2405",1653509,4242277,4085842,4080293
"2408",4253810,4250537,4093438,4087173
"2410",2451466,4255086,4094354,4093449
"2416",4267876,4266432,4103469,4100703
"2418",4273288,4837048,4108510,4103545
"2419",4275314,4268375,4110664,4103601
"2420",2556114,4273383,4109143,4108722
"2423",4297355,4290265,4118761,4110740
"2424",2116307,4292379,4118069,4113728
"2428",4321812,4318382,4136059,4132470
"2429",4322328,4319438,4137547,4133691
"2431",3693342,4322703,4138774,4137932
"2433",4065051,4065741,4143311,4142618
"2435",2304951,4065980,4143639,4143806
"2437",4339511,4338037,4154934,4153169
"2439",4352719,4339509,4168249,4154997
"2440",4197648,4345498,4168249,4161040
"2441",4101738,4195699,4168265,4166299
"2443",290768,4394465,4168249,4166450
"2447",4103198,4396301,4169809,4168370
"2450",291773,4353065,4169180,4168519
"2457",294383,4397870,4171597,4169815
"2459",2799110,4199375,4169193,4169815
"2461",4201596,4399788,4171967,4171628
"2463",294787,4356367,4171936,4171631
"2465",3566469,3566865,4171744,4171761
"2466",2796570,3566418,4171628,4171795
"2469",1852653,4356606,4175556,4171991
"2472",4596481,4596890,4175815,4175760
"2474",2035655,4596658,4175760,4175760
"2477",1846835,3598300,4179744,4177130
"2478",116269,1846739,4179724,4179649
"2481",95316,4768939,4179661,4179649
"2484",2895875,3902790,4179661,4179733
"2486",915602,4376871,4193476,4190586
"2488",508378,4382681,4200554,4196263
"2491",416843,4213501,4203925,4204086
"2494",290768,4394084,4209737,4207602
"2498",4199286,4350921,4211211,4207937
"2500",291773,4353065,4210582,4209921
"2507",294383,4397870,4213000,4211217
"2509",2799110,4199375,4210595,4211217
"2511",294648,4399788,4213169,4213031
"2514",2796570,4356367,4213031,4213034
"2518",4406804,4400262,4220322,4213701
"2519",4408119,4405018,4223713,4218533
"2523",4416344,4837049,4231222,4229413
"2524",4416662,4415478,4231676,4230353
"2526",4441806,4438468,4235402,4231884
"2527",4446029,4440077,4239730,4233672
"2528",4446569,4441901,4240722,4235563
"2529",4453439,4446092,4249313,4240246
"2530",4061393,4446645,4246883,4242532
"2531",1313019,4061353,4246889,4246923
"2533",481565,3723961,4247306,4247386
"2534",227767,481472,4249358,4247396
"2536",4456084,4453545,4253890,4249498
"2537",4459856,4454575,4257722,4252383
"2540",1902091,4464011,4266375,4261759
"2542",4472281,4469227,4270995,4267038
"2549",422140,4513698,4286847,4285396
"2551",2138474,4517640,4290078,4289233
"2553",2350450,4014930,4291926,4292374
"2557",4837086,4837047,4295984,4295832
"2558",4837086,4837046,4296097,4295944
"2559",4837086,4837046,4296210,4296057
"2560",4837086,4837046,4296323,4296170
"2561",4837085,4837046,4296433,4296283
"2562",4525253,4837046,4297205,4296394
"2564",2285212,4525365,4309699,4297234
"2568",2040933,4692452,4324710,4323245
"2569",961348,2040827,4324709,4324604
"2570",895056,961247,4324709,4324608
"2572",726927,1312678,4324709,4324662
"2573",481688,726884,4324709,4324666
"2575",253046,4529581,4325938,4325275
"2576",253046,253004,4326038,4325897
"2577",253046,253004,4326138,4325997
"2578",253046,253004,4326238,4326097
"2579",253046,253004,4326338,4326197
"2581",4545203,4530165,4344735,4326397
"2582",3342569,4530735,4332454,4330275
"2583",2934159,3342517,4333674,4332506
"2585",1543832,4545349,4345680,4345664
"2587",1686420,4548940,4352923,4349095
"2589",776884,3199219,4355585,4353200
"2592",278108,4539335,4356531,4357123
"2594",2697551,2697792,4361020,4360779
"2595",2696957,2697327,4361605,4361244
"2597",3276221,4566579,4362551,4362551
"2599",3272765,4576883,4373261,4372683
"2601",4580657,4577430,4376732,4373405
"2603",4588800,4581435,4385341,4376812
"2604",799959,4582479,4381105,4379007
"2609",4360473,4596881,4392421,4392357
"2610",2035661,4360418,4392360,4392366
"2612",4596528,4596652,4392579,4392472
"2614",4360473,4596884,4392533,4392472
"2615",2035661,4360418,4392472,4392478
"2617",4596497,4596884,4392660,4392583
"2619",4360473,4596652,4392644,4392583
"2620",2035661,4360418,4392583,4392589
"2622",4615574,4606355,4411252,4401950
"2624",4630168,4616649,4424908,4411311
"2625",3864657,4621281,4424380,4416017
"2626",117924,3863165,4423709,4422906
"2628",4636239,4630408,4431255,4425012
"2629",624341,4633078,4429994,4428080
"2630",174706,624282,4429935,4429935
"2631",174332,174647,4430309,4429994
"2634",4641518,4636367,4436581,4431319
"2636",4645170,4641686,4441370,4436668
"2637",4651944,4642509,4448273,4438713
"2640",4092240,4837050,4451227,4450992
"2641",4093375,4092182,4452368,4451169
"2642",2285266,4093241,4452264,4452234
"2646",4683179,4837049,4459311,4457231
"2647",4683666,4681178,4459857,4457312
"2650",3963397,4692552,4468478,4460521
"2651",3962336,3963087,4469530,4468788
"2653",1626407,4703033,4473222,4470527
"2656",4713333,4711172,4478889,4474810
"2657",4708182,4711746,4478226,4477306
"2660",4521651,4717011,4484418,4480980
"2663",4731096,4722129,4496490,4485995
"2664",3671651,4724724,4491264,4490134
"2665",1222246,3670390,4504654,4492525
"2668",651150,3959193,4511043,4507189
"2669",226139,650950,4511321,4510846
"2671",3670882,3671294,4521528,4521086
"2672",1707318,3670521,4526137,4521889
"2675",1956558,4755572,4534804,4533791
"2677",782173,4734257,4541520,4534811
"2678",782182,782024,4542593,4541371
"2680",28177,4851058,4547479,4546144
"2682",205633,608120,4547178,4547204
"2684",1586227,3296113,4553062,4551623
"2685",1587321,1586135,4554165,4552970
"2690",4773853,4769317,4569089,4561528
"2691",3667680,4770700,4569743,4565991
"2695",4780603,4778392,4583050,4580827
"2696",323312,4778982,4583245,4581429
"2699",116278,3374369,4583203,4583117
"2702",1846865,4768938,4583244,4583117
"2704",812527,4089451,4583243,4583118
"2707",3453583,3877198,4583216,4583124
"2709",3902876,4364333,4583117,4583138
"2710",95337,3902790,4583108,4583203
"2713",671111,4297381,4583145,4583216
"2715",2974125,4382554,4583119,4583240
"2717",1558787,3971274,4583119,4583244
"2720",503984,2928019,4583117,4583244
"2722",252996,565746,4583120,4583244
"2726",663624,4786300,4588892,4587909
"2727",662997,663469,4589502,4589053
"2728",662461,662599,4590086,4589897
"2730",3746352,4790023,4593170,4591598
"2731",1751810,3745628,4592758,4592446
"2733",3381293,3383065,4592743,4592897
"2734",3315144,3381109,4592492,4592927
"2735",2015600,3314468,4592480,4593168
"2736",1716661,2014889,4592464,4593191
"2738",3243929,3244176,4596430,4596186
"2739",3243624,3243790,4596735,4596569
"2746",4141221,4810860,4606079,4606078
"2748",4141221,4810628,4606200,4606199
"2752",4837091,4837046,4614346,4614301
"2753",4837087,4837046,4614443,4614402
"2754",4837091,4837047,4614548,4614504
"2755",4837087,4837046,4614645,4614604
"2756",4824932,4818788,4620827,4614682
"2764",4837041,4835810,4628547,4627316
"2765",4847753,4837046,4639530,4628739
"2766",2224856,2224798,4636308,4636250
"2768",3660048,3659990,4640035,4639977
